更新日,dailyDose,服用禁止,妊婦・授乳婦注意,対象成分含有フラグ,成分情報_JSON,用法用量_JSON,付加情報_JSON,製品の特長,製品名,指定濫用(＊：同ﾌﾞﾗﾝﾄﾞ内に対象含む),注釈･補足等,妊婦・授乳婦_専門家エビデンス,現場_代替薬提案,現場_運転目安補足,マトリックス_JSON
2026/07/02 0:08:27,12,12歳未満の小児,授乳中の人は服用しないか、服用時は授乳を避けること。妊婦又は妊娠していると思われる人は相談すること。,"コデイン, メチルエフェドリン","{""basis"":""12錠中"",""ingredients"":[{""name"":""コデインリン酸塩水和物"",""id"":""D02101"",""amount"":50,""unit"":""mg""},{""name"":""dl-メチルエフェドリン塩酸塩"",""id"":""D02109"",""amount"":75,""unit"":""mg""},{""name"":""クロルフェニラミンマレイン酸塩"",""id"":""D00665"",""amount"":12,""unit"":""mg""},{""name"":""無水カフェイン"",""id"":""D00528"",""amount"":60,""unit"":""mg""},{""name"":""セネガ乾燥エキス"",""id"":""D06747"",""amount"":89.82,""unit"":""mg""},{""name"":""セネガ"",""id"":""D06747"",""amount"":1500,""unit"":""mg""}]}","{""adult_dose"":""3錠×3回（さらに就寝前に1回服用可能）"",""daily_dose"":12,""prohibited_age"":""12歳未満の小児""}","{""driving_warning"":""運転禁止"",""pregnancy_warning"":""授乳中の人は服用しないか、服用時は授乳を避けること。妊婦又は妊娠していると思われる人は相談すること。"",""drug_category"":""鎮咳去痰薬"",""category_limit"":5,""packages"":[{""package_type"":""48錠"",""estimated_days"":4,""capacity_judgment"":""小容量""}]}",アネトンせき止め錠は、いろいろな原因で起こる「せき」をしずめ「たん」の切れをよくします。飲みやすいフィルムコーティング錠で、12歳のお子様から服用できます。,アネトンせき止め錠,〇,-,"【コデインリン酸塩水和物】(妊娠: C / 授乳: 相談・注意（L3相当）)
授乳中の連用により母体内で代謝されたモルヒネが乳児に移行し、中毒を起こすリスクがあるため要注意（L3）[cite: 21]。短期・単回でも授乳回避または非麻薬性成分への変更を提案する。

【dl-メチルエフェドリン塩酸塩】(妊娠: A (エフェドリン類) / 授乳: 注意（L3〜L4相当）)
血管収縮作用による母乳分泌量の低下リスクあり。授乳中は可能な限り単回・短期にとどめるか、去痰薬のみの処方（カルボシステイン等）への切り替えを推奨。

【クロルフェニラミンマレイン酸塩】(妊娠: A / 授乳: 相談・注意（L3相当）)
授乳中の使用は可能だが、第一世代抗ヒスタミン薬のため乳児の傾眠リスクに注意。妊婦には比較的安全（A）だが、可能な限りフェキソフェナジン等の第二世代への変更が望ましい。

【無水カフェイン】(妊娠: A相当 / 授乳: 安全（L2相当）)
通常のOTC含有量（1回50mg程度）であれば妊婦・授乳婦ともに影響は少なく安全。ただし、コーヒー等からの過剰摂取（1日200〜300mg以上）には注意を促す。

【セネガ乾燥エキス】(妊娠: 未分類 / 授乳: 安全（L2相当）)
去痰作用を持つ生薬成分。妊婦・授乳婦に対する明確な有害事象の報告はなく、通常のOTC用量での短期服用であれば安全性に問題はないとされる。

【セネガ乾燥エキス】(妊娠: 未分類 / 授乳: 安全（L2相当）)
去痰作用を持つ生薬成分。妊婦・授乳婦に対する明確な有害事象の報告はなく、通常のOTC用量での短期服用であれば安全性に問題はないとされる。",【現場_代替薬提案】<br>本製品はコデインリン酸塩水和物、dl-メチルエフェドリン塩酸塩、クロルフェニラミンマレイン酸塩を含有するため、妊婦・授乳婦、12歳未満の小児、運転を予定している方、特定の基礎疾患（高血圧、心疾患、糖尿病、甲状腺機能亢進症、緑内障、前立腺肥大症など）を有する方には適しません。<br>これらの患者さんには、より安全性の高い代替薬・代替成分の検討が必要です。<br>・<b>妊婦・授乳婦</b>：デキストロメトルファン臭化水素酸塩水和物単剤（L2評価）や去痰成分（カルボシステイン、アンブロキソールなど）、漢方薬（麦門冬湯など）への切り替えを検討してください。<br>・<b>運転者</b>：非麻薬性鎮咳薬（デキストロメトルファン、チペピジンなど）や、眠気の少ない抗ヒスタミン薬（第2世代抗ヒスタミン薬など、ただし鎮咳成分との配合は要確認）を検討してください。<br>・<b>基礎疾患を有する方</b>：疾患に応じて、各成分の禁忌事項に該当しない鎮咳去痰薬を選択してください。例えば、高血圧や心疾患のある方にはdl-メチルエフェドリンを含まない製剤、緑内障や前立腺肥大症のある方には抗コリン作用の少ない製剤を推奨します。<br>・<b>12歳未満の小児</b>：コデインを含まない小児用鎮咳去痰薬を選択してください。,【現場_服薬指導エビデンス】<br>・<b>妊婦・授乳婦</b>：<br> ・<b>コデインリン酸塩水和物</b>：妊婦への使用は避けるべきです。特に妊娠後期や分娩時の使用は、新生児の呼吸抑制や離脱症状を引き起こす可能性があります。授乳婦も使用を避けるべきです。乳汁中に移行し、乳児に呼吸抑制や傾眠、哺乳力低下などの影響を与えるリスクがあります。<br> ・<b>dl-メチルエフェドリン塩酸塩</b>：妊婦への安全性は確立していません。動物実験で催奇形性が報告されているものもあり、使用は避けるべきです。授乳婦も使用を避けるべきです。乳汁中に移行し、乳児に興奮、不眠、頻脈などの影響を与える可能性があります。<br> ・<b>クロルフェニラミンマレイン酸塩</b>：妊婦への使用は避けるべきです。特に妊娠後期での使用は、新生児の興奮、痙攣、呼吸抑制などを引き起こす可能性があります。授乳婦も使用を避けるべきです。乳汁中に移行し、乳児に鎮静作用や抗コリン作用による影響（哺乳力低下など）を与えるリスクがあります。<br> ・<b>無水カフェイン</b>：妊婦は過剰摂取を避けるべきです。大量摂取は胎児の発育遅延や流産のリスクを高める可能性があります。授乳婦も過剰摂取を避けるべきです。乳汁中に移行し、乳児に興奮、不眠、神経過敏などを引き起こす可能性があります。<br> ・<b>セネガ乾燥エキス/セネガ</b>：妊婦・授乳婦への安全性は確立していません。使用は避けるべきです。<br>・<b>運転・操作</b>：<br> ・<b>コデインリン酸塩水和物</b>：眠気、めまい、ふらつきなどを引き起こす可能性があるため、本剤服用中の自動車の運転や機械の操作は絶対に避けるよう指導してください。<br> ・<b>dl-メチルエフェドリン塩酸塩</b>：興奮、不眠、めまいなどを引き起こす可能性があります。運転や危険を伴う機械の操作には注意が必要です。<br> ・<b>クロルフェニラミンマレイン酸塩</b>：強い眠気、集中力低下、判断力低下などを引き起こす可能性があるため、本剤服用中の自動車の運転や機械の操作は絶対に避けるよう指導してください。<br> ・<b>無水カフェイン</b>：通常の服用量であれば問題ありませんが、過剰摂取により興奮、めまい、不眠などを引き起こす可能性があります。注意を促してください。<br> ・<b>セネガ乾燥エキス/セネガ</b>：通常の服用量であれば、運転や機械の操作に影響を与える可能性は低いと考えられます。<br>・<b>禁忌・受診勧奨</b>：<br> ・<b>コデインリン酸塩水和物</b>：12歳未満の小児（重篤な呼吸抑制リスク）、重篤な呼吸抑制のある患者、気管支喘息発作中の患者、頭部外傷・脳腫瘍、痙攣状態、急性アルコール中毒、麻薬依存、重篤な肝・腎機能障害、緑内障、前立腺肥大症、潰瘍性大腸炎の患者には禁忌です。これらの患者には受診を勧奨してください。<br> ・<b>dl-メチルエフェドリン塩酸塩</b>：甲状腺機能亢進症、高血圧症、心疾患（虚血性心疾患、不整脈など）、糖尿病、緑内障、前立腺肥大症の患者には禁忌または慎重投与です。MAO阻害薬を服用中の患者には禁忌です。これらの患者には受診を勧奨してください。<br> ・<b>クロルフェニラミンマレイン酸塩</b>：緑内障、前立腺肥大症、狭窄性消化性潰瘍、幽門十二指腸閉塞、膀胱頸部閉塞、喘息発作中の患者には禁忌または慎重投与です。これらの患者には受診を勧奨してください。<br> ・<b>無水カフェイン</b>：心疾患（不整脈など）、胃潰瘍、緑内障、不眠症の患者は慎重投与です。これらの患者には受診を勧奨してください。<br> ・<b>セネガ乾燥エキス/セネガ</b>：特筆すべき禁忌疾患はありませんが、胃腸が弱い方では稀に胃部不快感が生じることがあります。<br>・<b>相互作用</b>：<br> ・<b>コデインリン酸塩水和物</b>：アルコール、中枢神経抑制剤（睡眠薬、抗不安薬、抗ヒスタミン薬、フェノチアジン系薬剤など）との併用で中枢抑制作用が増強される可能性があります。CYP2D6阻害薬（SSRIの一部、キニジン、パロキセチンなど）との併用でコデインの活性代謝物への変換が阻害され、鎮痛・鎮咳効果が減弱する可能性があります。<br> ・<b>dl-メチルエフェドリン塩酸塩</b>：MAO阻害薬（セレギリンなど）との併用は、血圧上昇などの重篤な副作用を引き起こす可能性があるため禁忌です。甲状腺製剤、カテコールアミン製剤、昇圧アミン、強心薬、三環系抗うつ薬、選択的セロトニン再取り込み阻害薬（SSRI）との併用で、交感神経刺激作用が増強される可能性があります。<br> ・<b>クロルフェニラミンマレイン酸塩</b>：アルコール、中枢神経抑制剤（睡眠薬、抗不安薬、鎮痛薬、抗精神病薬など）との併用で中枢抑制作用が増強される可能性があります。MAO阻害薬との併用で抗コリン作用が増強される可能性があります。抗コリン作用を有する薬剤（三環系抗うつ薬、フェノチアジン系薬剤など）との併用で、抗コリン作用がさらに増強される可能性があります。<br> ・<b>無水カフェイン</b>：エフェドリン類縁体（dl-メチルエフェドリンなど）との併用で中枢興奮作用が増強される可能性があります。MAO阻害薬との併用で血圧上昇などのリスクがあります。シメチジン、経口避妊薬、フルボキサミンなどのCYP1A2阻害薬との併用でカフェインの代謝が阻害され、作用が増強される可能性があります。<br> ・<b>セネガ乾燥エキス/セネガ</b>：特筆すべき相互作用は報告されていません。<br>・<b>濫用・MOH</b>：<br> ・<b>コデインリン酸塩水和物</b>：オピオイド系鎮咳薬であり、精神的・身体的依存を形成する可能性があります。乱用薬物として指定されており、大量連用により乱用リスクが高まります。薬剤乱用頭痛（MOH）の原因となる可能性もあります。<br> ・<b>dl-メチルエフェドリン塩酸塩</b>：覚醒剤原料のエフェドリン類縁体であり、中枢神経興奮作用により精神的依存を形成する可能性があります。乱用リスクがあります。<br> ・<b>クロルフェニラミンマレイン酸塩</b>：通常の服用量での乱用リスクは低いですが、大量摂取により幻覚、せん妄などの精神症状を呈する可能性があります。<br> ・<b>無水カフェイン</b>：常用により精神的依存を形成し、中断時に頭痛、倦怠感などの離脱症状を引き起こす可能性があります。薬剤乱用頭痛（MOH）の原因となる可能性もあります。<br> ・<b>セネガ乾燥エキス/セネガ</b>：乱用リスクは報告されていません。<br>・<b>ドーピング・毒性</b>：<br> ・<b>コデインリン酸塩水和物</b>：世界アンチ・ドーピング機構（WADA）の禁止表において、競技会時に『麻薬』として禁止されています。競技会に参加するアスリートは使用できません。<br> ・<b>dl-メチルエフェドリン塩酸塩</b>：WADAの禁止表において、競技会時に『興奮剤』として禁止されています（特定閾値以上）。競技会に参加するアスリートは使用できません。<br> ・<b>クロルフェニラミンマレイン酸塩</b>：WADAの禁止表には該当しません。<br> ・<b>無水カフェイン</b>：WADAの禁止表には該当しませんが、一部の競技団体では摂取量に制限がある場合があります。中毒量・致死量等の詳細はPoisindex等の一次資料を参照してください。<br> ・<b>セネガ乾燥エキス/セネガ</b>：WADAの禁止表には該当しません。毒性に関する特筆すべき報告はありません。,"{""成分マトリックス"":[{""成分名"":""コデインリン酸塩水和物"",""妊婦・授乳婦"":{""判定"":""△"",""備考"":""(妊娠: C / 授乳: 相談・注意（L3相当）) 授乳中の連用により母体内で代謝されたモルヒネが乳児に移行し、中毒を起こすリスクがあるため要注意（L3）[cite: 21]。短期・単回でも授乳回避または非麻薬性成分への変更を提案する。""},""運転・操作"":{""判定"":""✕"",""備考"":""眠気、めまい、ふらつきなどを引き起こす可能性があるため、本剤服用中の自動車の運転や機械の操作は絶対に避けるよう指導してください。""},""禁忌・受診勧奨"":{""判定"":""✕"",""備考"":""12歳未満の小児（重篤な呼吸抑制リスク）、重篤な呼吸抑制のある患者、気管支喘息発作中の患者、頭部外傷・脳腫瘍、痙攣状態、急性アルコール中毒、麻薬依存、重篤な肝・腎機能障害、緑内障、前立腺肥大症、潰瘍性大腸炎の患者には禁忌です。これらの患者には受診を勧奨してください。""},""相互作用"":{""判定"":""ー"",""備考"":""アルコール、中枢神経抑制剤（睡眠薬、抗不安薬、抗ヒスタミン薬、フェノチアジン系薬剤など）との併用で中枢抑制作用が増強される可能性があります。CYP2D6阻害薬（SSRIの一部、キニジン、パロキセチンなど）との併用でコデインの活性代謝物への変換が阻害され、鎮痛・鎮咳効果が減弱する可能性があります。""},""濫用・MOH"":{""判定"":""△"",""備考"":""オピオイド系鎮咳薬であり、精神的・身体的依存を形成する可能性があります。乱用薬物として指定されており、大量連用により乱用リスクが高まります。薬剤乱用頭痛（MOH）の原因となる可能性もあります。""},""ドーピング・毒性"":{""判定"":""✕"",""備考"":""世界アンチ・ドーピング機構（WADA）の禁止表において、競技会時に『麻薬』として禁止されています。競技会に参加するアスリートは使用できません。""}},{""成分名"":""dl-メチルエフェドリン塩酸塩"",""妊婦・授乳婦"":{""判定"":""✕"",""備考"":""(妊娠: A (エフェドリン類) / 授乳: 注意（L3〜L4相当）) 血管収縮作用による母乳分泌量の低下リスクあり。授乳中は可能な限り単回・短期にとどめるか、去痰薬のみの処方（カルボシステイン等）への切り替えを推奨。""},""運転・操作"":{""判定"":""△"",""備考"":""興奮、不眠、めまいなどを引き起こす可能性があります。運転や危険を伴う機械の操作には注意が必要です。""},""禁忌・受診勧奨"":{""判定"":""✕"",""備考"":""甲状腺機能亢進症、高血圧症、心疾患（虚血性心疾患、不整脈など）、糖尿病、緑内障、前立腺肥大症の患者には禁忌または慎重投与です。MAO阻害薬を服用中の患者には禁忌です。これらの患者には受診を勧奨してください。""},""相互作用"":{""判定"":""✕"",""備考"":""MAO阻害薬（セレギリンなど）との併用は、血圧上昇などの重篤な副作用を引き起こす可能性があるため禁忌です。甲状腺製剤、カテコールアミン製剤、昇圧アミン、強心薬、三環系抗うつ薬、選択的セロトニン再取り込み阻害薬（SSRI）との併用で、交感神経刺激作用が増強される可能性があります。""},""濫用・MOH"":{""判定"":""△"",""備考"":""覚醒剤原料のエフェドリン類縁体であり、中枢神経興奮作用により精神的依存を形成する可能性があります。乱用リスクがあります。""},""ドーピング・毒性"":{""判定"":""✕"",""備考"":""WADAの禁止表において、競技会時に『興奮剤』として禁止されています（特定閾値以上）。競技会に参加するアスリートは使用できません。""}},{""成分名"":""クロルフェニラミンマレイン酸塩"",""妊婦・授乳婦"":{""判定"":""〇"",""備考"":""(妊娠: A / 授乳: 相談・注意（L3相当）) 授乳中の使用は可能だが、第一世代抗ヒスタミン薬のため乳児の傾眠リスクに注意。妊婦には比較的安全（A）だが、可能な限りフェキソフェナジン等の第二世代への変更が望ましい。""},""運転・操作"":{""判定"":""✕"",""備考"":""強い眠気、集中力低下、判断力低下などを引き起こす可能性があるため、本剤服用中の自動車の運転や機械の操作は絶対に避けるよう指導してください。""},""禁忌・受診勧奨"":{""判定"":""✕"",""備考"":""緑内障、前立腺肥大症、狭窄性消化性潰瘍、幽門十二指腸閉塞、膀胱頸部閉塞、喘息発作中の患者には禁忌または慎重投与です。これらの患者には受診を勧奨してください。""},""相互作用"":{""判定"":""ー"",""備考"":""アルコール、中枢神経抑制剤（睡眠薬、抗不安薬、鎮痛薬、抗精神病薬など）との併用で中枢抑制作用が増強される可能性があります。MAO阻害薬との併用で抗コリン作用が増強される可能性があります。抗コリン作用を有する薬剤（三環系抗うつ薬、フェノチアジン系薬剤など）との併用で、抗コリン作用がさらに増強される可能性があります。""},""濫用・MOH"":{""判定"":""△"",""備考"":""通常の服用量での乱用リスクは低いですが、大量摂取により幻覚、せん妄などの精神症状を呈する可能性があります。""},""ドーピング・毒性"":{""判定"":""ー"",""備考"":""WADAの禁止表には該当しません。""}},{""成分名"":""無水カフェイン"",""妊婦・授乳婦"":{""判定"":""〇"",""備考"":""(妊娠: A相当 / 授乳: 安全（L2相当）) 通常のOTC含有量（1回50mg程度）であれば妊婦・授乳婦ともに影響は少なく安全。ただし、コーヒー等からの過剰摂取（1日200〜300mg以上）には注意を促す。""},""運転・操作"":{""判定"":""〇"",""備考"":""通常の服用量であれば問題ありませんが、過剰摂取により興奮、めまい、不眠などを引き起こす可能性があります。注意を促してください。""},""禁忌・受診勧奨"":{""判定"":""△"",""備考"":""心疾患（不整脈など）、胃潰瘍、緑内障、不眠症の患者は慎重投与です。これらの患者には受診を勧奨してください。""},""相互作用"":{""判定"":""△"",""備考"":""エフェドリン類縁体（dl-メチルエフェドリンなど）との併用で中枢興奮作用が増強される可能性があります。MAO阻害薬との併用で血圧上昇などのリスクがあります。シメチジン、経口避妊薬、フルボキサミンなどのCYP1A2阻害薬との併用でカフェインの代謝が阻害され、作用が増強される可能性があります。""},""濫用・MOH"":{""判定"":""△"",""備考"":""常用により精神的依存を形成し、中断時に頭痛、倦怠感などの離脱症状を引き起こす可能性があります。薬剤乱用頭痛（MOH）の原因となる可能性もあります。""},""ドーピング・毒性"":{""判定"":""ー"",""備考"":""WADAの禁止表には該当しませんが、一部の競技団体では摂取量に制限がある場合があります。中毒量・致死量等の詳細はPoisindex等の一次資料を参照してください。""}},{""成分名"":""セネガ乾燥エキス/セネガ"",""妊婦・授乳婦"":{""判定"":""〇"",""備考"":""(妊娠: 未分類 / 授乳: 安全（L2相当）) 去痰作用を持つ生薬成分。妊婦・授乳婦に対する明確な有害事象の報告はなく、通常のOTC用量での短期服用であれば安全性に問題はないとされる。""},""運転・操作"":{""判定"":""ー"",""備考"":""通常の服用量であれば、運転や機械の操作に影響を与える可能性は低いと考えられます。""},""禁忌・受診勧奨"":{""判定"":""〇"",""備考"":""特筆すべき禁忌疾患はありませんが、胃腸が弱い方では稀に胃部不快感が生じることがあります。""},""相互作用"":{""判定"":""ー"",""備考"":""特筆すべき相互作用は報告されていません。""},""濫用・MOH"":{""判定"":""△"",""備考"":""乱用リスクは報告されていません。""},""ドーピング・毒性"":{""判定"":""〇"",""備考"":""WADAの禁止表には該当しません。毒性に関する特筆すべき報告はありません。""}}]}"
2026/07/02 0:17:16,9,12才未満の小児,授乳中の人は服用しないか、本剤を服用する場合は授乳を避けること。妊婦又は妊娠していると思われる人は服用前に相談すること。,"ジヒドロコデイン,メチルエフェドリン","{""basis"":""3錠中"",""ingredients"":[{""name"":""グアイフェネシン"",""id"":""D00337"",""amount"":60,""unit"":""mg""},{""name"":""ジヒドロコデインリン酸塩"",""id"":""D01481"",""amount"":8,""unit"":""mg""},{""name"":""dl-メチルエフェドリン塩酸塩"",""id"":""D02109"",""amount"":20,""unit"":""mg""},{""name"":""アセトアミノフェン"",""id"":""D00217"",""amount"":300,""unit"":""mg""},{""name"":""クロルフェニラミンマレイン酸塩"",""id"":""D00665"",""amount"":2.5,""unit"":""mg""},{""name"":""無水カフェイン"",""id"":""D00528"",""amount"":25,""unit"":""mg""},{""name"":""リボフラビン"",""id"":""D00050"",""amount"":4,""unit"":""mg""}]}","{""adult_dose"":""3錠×3回"",""daily_dose"":9,""prohibited_age"":""12才未満の小児""}","{""driving_warning"":""運転禁止"",""pregnancy_warning"":""授乳中の人は服用しないか、本剤を服用する場合は授乳を避けること。妊婦又は妊娠していると思われる人は服用前に相談すること。"",""drug_category"":""かぜ薬"",""category_limit"":7,""packages"":[{""package_type"":""130錠"",""estimated_days"":14.4,""capacity_judgment"":""大容量""},{""package_type"":""210錠"",""estimated_days"":23.3,""capacity_judgment"":""大容量""}]}",パブロンゴールドA〈錠〉は、グアイフェネシンをはじめとする7種類の有効成分を配合したかぜ薬です。せき、たん、のどの痛み、くしゃみ、鼻水、鼻づまり、悪寒、発熱、頭痛、関節の痛み、筋肉の痛みなど、かぜの諸症状を総合的に緩和します。家庭の常備薬としてもおすすめです。,パブロンゴールドA〈錠〉,〇,"パブロンシリーズは基本はすべて対象、「パブロン50」のみ対象外
パブロンゴールドA〈錠〉：ﾎﾞﾄﾙ包装しか存在しない｡昔ながらの処方を守る、一番売れる大黒柱(Ace/Advanced予想)｡Aはﾊﾟﾌﾞﾛﾝにおける汎用の記号｡
        (1955年に「パブロンA・B」の2種発売。A：せきの出るかぜ用/B：熱の出るかぜ用。改良重ねられ「ゴールドA」となった現在でも「A」は「家族みんなで使える、せき・熱・鼻にバランスよく効く定番の常備薬」という記号)
        パブロンSゴールドW錠には30・42・60錠包装があり、すべてシート（PTP）包装。（「W」は、「2つの成分で、気道粘膜をダブルケア」）
        パブロンエースPro-X：大人専用。イブプロフェン600mgで「のどの痛み」に最強。
        パブロンS：5才（微粒は1才）から使えてノンカフェインのファミリー用。S：（Special / Superior）「優しさ・飲みやすさ」の進化系｡
　　パブロン鼻炎カプセルにはプソイドエフェドリン配合で、指定濫用対象？Saのこと？鼻炎速溶錠EXにも｡
　　持続性パブロン錠にはジヒドロｺﾃﾞｲﾝ・メチルエフェドリン配合。パブロンせき止めトリプル錠にはデキストロメトルファン配合
　★「パブロン」の大人向け（15才以上）の風邪薬・せき止め薬において、指定乱用成分非含有は「パブロン50」(麦門冬湯ﾍﾞｰｽ)｡","【グアイフェネシン】(妊娠: A / 授乳: 安全（L2相当）)
去痰成分。妊婦・授乳婦に対する重大な副作用の報告はなく、比較的安全に使用できる。ただし妊娠初期は念のため短期使用にとどめることが望ましい。

【ジヒドロコデインリン酸塩】(妊娠: C / 授乳: 相談・注意（L3相当）)
授乳中の連用により乳児にモルヒネ中毒（傾眠・呼吸抑制等）のリスクあり。OTCの鎮咳薬として短期・単回でも授乳回避または非鎮静性成分への変更を提案する。

【dl-メチルエフェドリン塩酸塩】(妊娠: A (エフェドリン類) / 授乳: 注意（L3〜L4相当）)
血管収縮作用による母乳分泌量の低下リスクあり。授乳中は可能な限り単回・短期にとどめるか、去痰薬のみの処方（カルボシステイン等）への切り替えを推奨。

【アセトアミノフェン】(妊娠: A / 授乳: 安全（L1相当）)
妊娠全期間・授乳中を通じて第一選択となる解熱鎮痛成分。通常のOTC用量であれば母子ともに安全性が極めて高い。

【クロルフェニラミンマレイン酸塩】(妊娠: A / 授乳: 相談・注意（L3相当）)
授乳中の使用は可能だが、第一世代抗ヒスタミン薬のため乳児の傾眠リスクに注意。妊婦には比較的安全（A）だが、可能な限りフェキソフェナジン等の第二世代への変更が望ましい。

【無水カフェイン】(妊娠: A相当 / 授乳: 安全（L2相当）)
通常のOTC含有量（1回50mg程度）であれば妊婦・授乳婦ともに影響は少なく安全。ただし、コーヒー等からの過剰摂取（1日200〜300mg以上）には注意を促す。

【リボフラビン】(妊娠: A / 授乳: 安全（L1相当）)
ビタミンB2。妊婦・授乳婦ともに安全に服用可能。尿が黄色くなることがあるため、服薬指導時にその旨を添えると患者の安心感に繋がる。",【現場_代替薬提案】<br>・<b>妊婦・授乳婦</b>：本製品はジヒドロコデイン、dl-メチルエフェドリン、クロルフェニラミンを含有するため、妊婦・授乳婦への使用は推奨されません。解熱鎮痛にはアセトアミノフェン単剤を、咳症状にはデキストロメトルファン単剤や非薬物療法（加湿、水分補給）を検討してください。<br>・<b>運転者</b>：ジヒドロコデインとクロルフェニラミンによる眠気や鎮静作用があるため、運転や機械操作を行う方には推奨されません。眠気成分を含まない総合感冒薬、または症状に応じた単剤（例: アセトアミノフェン、イブプロフェンなど）を検討してください。<br>・<b>基礎疾患のある方</b>：高血圧、心疾患、甲状腺機能亢進症、糖尿病、緑内障、前立腺肥大症の患者にはdl-メチルエフェドリン塩酸塩が禁忌・慎重投与となるため、これらの成分を含まない製品、または症状別単剤を検討してください。特に12歳未満の小児にはジヒドロコデインリン酸塩が禁忌です。<br>・<b>MAO阻害剤服用者</b>：dl-メチルエフェドリン、ジヒドロコデイン、クロルフェニラミン、無水カフェインがMAO阻害剤との相互作用リスクがあるため、本製品は使用できません。医師・薬剤師に相談の上、適切な薬剤を選択してください。,"【現場_服薬指導エビデンス】<br>・<b>妊婦・授乳婦</b>：<br> ・<b>グアイフェネシン</b>：妊婦への安全性は確立されていません。授乳婦も避けるか、医師に相談してください。<br> ・<b>ジヒドロコデインリン酸塩</b>：妊婦には推奨されません。妊娠後期での連用は胎児に呼吸抑制や新生児薬物離脱症候群を引き起こす可能性があります（成育L分類: L3、妊娠後期はL4）。授乳婦も母乳中へ移行し、乳児に呼吸抑制や鎮静を引き起こす可能性があるため推奨されません（LactMed: 通常用量でも乳児に重篤な呼吸抑制のリスクがあるため推奨されない）。<br> ・<b>dl-メチルエフェドリン塩酸塩</b>：妊婦への安全性は確立されていません。子宮収縮作用の可能性も指摘されており、使用は避けることが望ましいです。授乳婦も避けるか、医師に相談してください。<br> ・<b>アセトアミノフェン</b>：妊娠中の解熱鎮痛剤として第一選択薬です（成育L分類: L1）。ただし、大量・長期連用は避けてください。授乳中の解熱鎮痛剤としても第一選択薬です（成育L分類: L1）。<br> ・<b>クロルフェニラミンマレイン酸塩</b>：妊婦には推奨されません。妊娠後期での使用は新生児に神経過敏、振戦、痙攣などを引き起こす可能性があります（成育L分類: L3）。授乳婦も母乳中へ移行し、乳児に鎮静作用や興奮作用、乳汁分泌抑制作用を引き起こす可能性があるため推奨されません（成育L分類: L3）。<br> ・<b>無水カフェイン</b>：過剰摂取は胎児への影響が懸念されます。本製品の量であれば問題ないことが多いですが、他のカフェイン摂取源との合計量に注意が必要です（成育L分類: L2）。授乳婦も母乳中へ移行し、乳児に興奮、不眠、不機嫌などを引き起こす可能性があるため、多量摂取は避けてください（成育L分類: L2）。<br> ・<b>リボフラビン</b>：妊娠中・授乳中に必要なビタミンであり、通常の摂取量であれば問題ありません（成育L分類: L1）。<br>・<b>運転・操作</b>：<br> ・<b>グアイフェネシン</b>：鎮静作用はほとんどありませんが、他の成分との併用で注意が必要です。<br> ・<b>ジヒドロコデインリン酸塩</b>：眠気を催すことがあるため、服用中は自動車の運転や機械の操作を避けてください。<br> ・<b>dl-メチルエフェドリン塩酸塩</b>：興奮作用、めまい、不眠などを起こす可能性があるため、注意が必要です。<br> ・<b>アセトアミノフェン</b>：眠気を催す作用はほとんどありません。<br> ・<b>クロルフェニラミンマレイン酸塩</b>：強い鎮静作用、眠気を催すことがあるため、服用中は自動車の運転や機械の操作を避けてください。<br> ・<b>無水カフェイン</b>：覚醒作用がありますが、過剰摂取や他の鎮静作用のある成分との併用では注意が必要です。<br> ・<b>リボフラビン</b>：運転・操作に影響はありません。<br>・<b>禁忌・受診勧奨</b>：<br> ・<b>グアイフェネシン</b>：特筆すべき禁忌はありません。<br> ・<b>ジヒドロコデインリン酸塩</b>：12歳未満の小児には重篤な呼吸抑制のリスクがあるため禁忌です。喘息発作中、頭部外傷、脳腫瘍、痙攣性疾患、急性アルコール中毒、鎮静剤・催眠剤・抗不安剤等の中枢神経抑制剤の急性中毒、重篤な肝機能障害の患者には禁忌または慎重投与です。<br> ・<b>dl-メチルエフェドリン塩酸塩</b>：高血圧、心疾患、甲状腺機能亢進症、糖尿病、緑内障、前立腺肥大症の患者には症状悪化の可能性があるため、禁忌または慎重投与です。MAO阻害剤投与中または投与中止後2週間以内の患者には高血圧クリーゼのリスクがあるため禁忌です。<br> ・<b>アセトアミノフェン</b>：重篤な肝機能障害、アスピリン喘息またはその既往歴のある患者には禁忌です。アルコール多飲者には肝障害のリスク増大のため慎重投与が必要です。<br> ・<b>クロルフェニラミンマレイン酸塩</b>：緑内障（特に閉塞隅角緑内障）、前立腺肥大症、狭窄性消化性潰瘍、幽門十二指腸閉塞、喘息発作中の患者には禁忌または慎重投与です。<br> ・<b>無水カフェイン</b>：心疾患（不整脈、狭心症など）、胃潰瘍、緑内障の患者には慎重投与が必要です。<br> ・<b>リボフラビン</b>：特筆すべき禁忌はありません。<br>・<b>相互作用</b>：<br> ・<b>グアイフェネシン</b>：特筆すべき相互作用はありません。<br> ・<b>ジヒドロコデインリン酸塩</b>：中枢神経抑制剤（アルコール、鎮静剤、催眠剤、抗不安剤、抗ヒスタミン剤等）との併用で呼吸抑制、鎮静、昏睡のリスクが増大します。MAO阻害剤との併用も作用増強の可能性があります。CYP2D6阻害剤（SSRIの一部、キニジン等）との併用で鎮痛効果が減弱する可能性があります。<br> ・<b>dl-メチルエフェドリン塩酸塩</b>：MAO阻害剤との併用で高血圧クリーゼのリスクがあります。カテコールアミン製剤、甲状腺ホルモン製剤との併用で作用が増強されます。三環系抗うつ薬、フェノチアジン系薬剤との併用で作用が減弱する可能性があります。<br> ・<b>アセトアミノフェン</b>：アルコールとの併用で肝障害のリスクが増大します。ワルファリンとの長期・高用量併用でワルファリンの作用を増強する可能性があります。CYP2E1誘導剤（フェノバルビタール、フェニトイン、リファンピシン等）との併用で肝毒性増強のリスクがあります。<br> ・<b>クロルフェニラミンマレイン酸塩</b>：中枢神経抑制剤（アルコール、鎮静剤、催眠剤、抗不安剤、抗ヒスタミン剤等）との併用で鎮静、眠気、呼吸抑制のリスクが増大します。MAO阻害剤との併用で抗コリン作用が増強されます。<br> ・<b>無水カフェイン</b>：MAO阻害剤との併用で作用が増強されます。シメチジン、経口避妊薬、フルボキサミンなどカフェインの代謝を阻害する薬剤との併用で作用が増強されます。dl-メチルエフェドリンとの併用で中枢興奮作用が増強され、動悸、不眠、神経過敏のリスクがあります。<br> ・<b>リボフラビン</b>：特筆すべき相互作用はありません。<br>・<b>濫用・MOH</b>：<br> ・<b>グアイフェネシン</b>：濫用性はありません。<br> ・<b>ジヒドロコデインリン酸塩</b>：オピオイド系麻薬であり、連用により依存性を生じる可能性があります（ダウナー系）。薬剤乱用頭痛のリスクもあります。<br> ・<b>dl-メチルエフェドリン塩酸塩</b>：覚せい剤原料であるエフェドリン類縁体であり、連用により精神的依存を生じる可能性があります（アッパー系）。<br> ・<b>アセトアミノフェン</b>：濫用性はありませんが、連用により薬剤乱用頭痛のリスクがあります。<br> ・<b>クロルフェニラミンマレイン酸塩</b>：濫用性はありませんが、連用により薬剤乱用頭痛のリスクがあります。<br> ・<b>無水カフェイン</b>：連用により精神的依存を生じる可能性があり、離脱症状として頭痛、倦怠感などを起こすことがあります。薬剤乱用頭痛のリスクもあります。<br> ・<b>リボフラビン</b>：濫用性はありません。<br>・<b>ドーピング・毒性</b>：<br> ・<b>グアイフェネシン</b>：WADA禁止物質ではありません。<br> ・<b>ジヒドロコデインリン酸塩</b>：WADA禁止物質（S7. Narcotics）に該当します。競技会時禁止です。中毒量・致死量等の詳細はPoisindex等の一次資料を参照してください。<br> ・<b>dl-メチルエフェドリン塩酸塩</b>：WADA禁止物質（S6. Stimulants）に該当します。競技会時禁止です。中毒量・致死量等の詳細はPoisindex等の一次資料を参照してください。<br> ・<b>アセトアミノフェン</b>：WADA禁止物質ではありません。中毒量：成人で1回2g以上、または1日4g以上で肝毒性のリスクが増加します。小児では体重1kgあたり150mg以上で中毒量とされる場合があります。致死量：成人で1回10g以上で致死的な肝障害のリスクが高いとされます（出典: Lexicomp, Poisindex）。<br> ・<b>クロルフェニラミンマレイン酸塩</b>：WADA禁止物質ではありません。中毒量・致死量等の詳細はPoisindex等の一次資料を参照してください。<br> ・<b>無水カフェイン</b>：WADA禁止物質ではありません（監視対象）。中毒量：成人で1回500mg以上、または1日1g以上で中毒症状（動悸、不眠、振戦、吐き気など）のリスクが増加します。致死量：成人で10g以上が致死量とされることが多いです（出典: Lexicomp, Poisindex）。<br> ・<b>リボフラビン</b>：WADA禁止物質ではありません。過剰摂取による重篤な毒性は報告されていません。","{""成分マトリックス"":[{""成分名"":""グアイフェネシン"",""妊婦・授乳婦"":{""判定"":""〇"",""備考"":""(妊娠: A / 授乳: 安全（L2相当）) 去痰成分。妊婦・授乳婦に対する重大な副作用の報告はなく、比較的安全に使用できる。ただし妊娠初期は念のため短期使用にとどめることが望ましい。""},""運転・操作"":{""判定"":""〇"",""備考"":""鎮静作用はほとんどありませんが、他の成分との併用で注意が必要です。""},""禁忌・受診勧奨"":{""判定"":""〇"",""備考"":""特筆すべき禁忌はありません。""},""相互作用"":{""判定"":""〇"",""備考"":""特筆すべき相互作用はありません。""},""濫用・MOH"":{""判定"":""〇"",""備考"":""濫用性はありません。""},""ドーピング・毒性"":{""判定"":""〇"",""備考"":""WADA禁止物質ではありません。""}},{""成分名"":""ジヒドロコデインリン酸塩"",""妊婦・授乳婦"":{""判定"":""△"",""備考"":""(妊娠: C / 授乳: 相談・注意（L3相当）) 授乳中の連用により乳児にモルヒネ中毒（傾眠・呼吸抑制等）のリスクあり。OTCの鎮咳薬として短期・単回でも授乳回避または非鎮静性成分への変更を提案する。""},""運転・操作"":{""判定"":""✕"",""備考"":""眠気を催すことがあるため、服用中は自動車の運転や機械の操作を避けてください。""},""禁忌・受診勧奨"":{""判定"":""✕"",""備考"":""12歳未満の小児には重篤な呼吸抑制のリスクがあるため禁忌です。喘息発作中、頭部外傷、脳腫瘍、痙攣性疾患、急性アルコール中毒、鎮静剤・催眠剤・抗不安剤等の中枢神経抑制剤の急性中毒、重篤な肝機能障害の患者には禁忌または慎重投与です。""},""相互作用"":{""判定"":""△"",""備考"":""中枢神経抑制剤（アルコール、鎮静剤、催眠剤、抗不安剤、抗ヒスタミン剤等）との併用で呼吸抑制、鎮静、昏睡のリスクが増大します。MAO阻害剤との併用も作用増強の可能性があります。CYP2D6阻害剤（SSRIの一部、キニジン等）との併用で鎮痛効果が減弱する可能性があります。""},""濫用・MOH"":{""判定"":""△"",""備考"":""オピオイド系麻薬であり、連用により依存性を生じる可能性があります（ダウナー系）。薬剤乱用頭痛のリスクもあります。""},""ドーピング・毒性"":{""判定"":""✕"",""備考"":""WADA禁止物質（S7. Narcotics）に該当します。競技会時禁止です。中毒量・致死量等の詳細はPoisindex等の一次資料を参照してください。""}},{""成分名"":""dl-メチルエフェドリン塩酸塩"",""妊婦・授乳婦"":{""判定"":""✕"",""備考"":""(妊娠: A (エフェドリン類) / 授乳: 注意（L3〜L4相当）) 血管収縮作用による母乳分泌量の低下リスクあり。授乳中は可能な限り単回・短期にとどめるか、去痰薬のみの処方（カルボシステイン等）への切り替えを推奨。""},""運転・操作"":{""判定"":""△"",""備考"":""興奮作用、めまい、不眠などを起こす可能性があるため、注意が必要です。""},""禁忌・受診勧奨"":{""判定"":""✕"",""備考"":""高血圧、心疾患、甲状腺機能亢進症、糖尿病、緑内障、前立腺肥大症の患者には症状悪化の可能性があるため、禁忌または慎重投与です。MAO阻害剤投与中または投与中止後2週間以内の患者には高血圧クリーゼのリスクがあるため禁忌です。""},""相互作用"":{""判定"":""△"",""備考"":""MAO阻害剤との併用で高血圧クリーゼのリスクがあります。カテコールアミン製剤、甲状腺ホルモン製剤との併用で作用が増強されます。三環系抗うつ薬、フェノチアジン系薬剤との併用で作用が減弱する可能性があります。""},""濫用・MOH"":{""判定"":""△"",""備考"":""覚せい剤原料であるエフェドリン類縁体であり、連用により精神的依存を生じる可能性があります（アッパー系）。""},""ドーピング・毒性"":{""判定"":""✕"",""備考"":""WADA禁止物質（S6. Stimulants）に該当します。競技会時禁止です。中毒量・致死量等の詳細はPoisindex等の一次資料を参照してください。""}},{""成分名"":""アセトアミノフェン"",""妊婦・授乳婦"":{""判定"":""〇"",""備考"":""(妊娠: A / 授乳: 安全（L1相当）) 妊娠全期間・授乳中を通じて第一選択となる解熱鎮痛成分。通常のOTC用量であれば母子ともに安全性が極めて高い。""},""運転・操作"":{""判定"":""〇"",""備考"":""眠気を催す作用はほとんどありません。""},""禁忌・受診勧奨"":{""判定"":""✕"",""備考"":""重篤な肝機能障害、アスピリン喘息またはその既往歴のある患者には禁忌です。アルコール多飲者には肝障害のリスク増大のため慎重投与が必要です。""},""相互作用"":{""判定"":""△"",""備考"":""アルコールとの併用で肝障害のリスクが増大します。ワルファリンとの長期・高用量併用でワルファリンの作用を増強する可能性があります。CYP2E1誘導剤（フェノバルビタール、フェニトイン、リファンピシン等）との併用で肝毒性増強のリスクがあります。""},""濫用・MOH"":{""判定"":""〇"",""備考"":""濫用性はありませんが、連用により薬剤乱用頭痛のリスクがあります。""},""ドーピング・毒性"":{""判定"":""〇"",""備考"":""WADA禁止物質ではありません。中毒量：成人で1回2g以上、または1日4g以上で肝毒性のリスクが増加します。小児では体重1kgあたり150mg以上で中毒量とされる場合があります。致死量：成人で1回10g以上で致死的な肝障害のリスクが高いとされます（出典: Lexicomp, Poisindex）。""}},{""成分名"":""クロルフェニラミンマレイン酸塩"",""妊婦・授乳婦"":{""判定"":""〇"",""備考"":""(妊娠: A / 授乳: 相談・注意（L3相当）) 授乳中の使用は可能だが、第一世代抗ヒスタミン薬のため乳児の傾眠リスクに注意。妊婦には比較的安全（A）だが、可能な限りフェキソフェナジン等の第二世代への変更が望ましい。""},""運転・操作"":{""判定"":""✕"",""備考"":""強い鎮静作用、眠気を催すことがあるため、服用中は自動車の運転や機械の操作を避けてください。""},""禁忌・受診勧奨"":{""判定"":""✕"",""備考"":""緑内障（特に閉塞隅角緑内障）、前立腺肥大症、狭窄性消化性潰瘍、幽門十二指腸閉塞、喘息発作中の患者には禁忌または慎重投与です。""},""相互作用"":{""判定"":""△"",""備考"":""中枢神経抑制剤（アルコール、鎮静剤、催眠剤、抗不安剤、抗ヒスタミン剤等）との併用で鎮静、眠気、呼吸抑制のリスクが増大します。MAO阻害剤との併用で抗コリン作用が増強されます。""},""濫用・MOH"":{""判定"":""〇"",""備考"":""濫用性はありませんが、連用により薬剤乱用頭痛のリスクがあります。""},""ドーピング・毒性"":{""判定"":""〇"",""備考"":""WADA禁止物質ではありません。中毒量・致死量等の詳細はPoisindex等の一次資料を参照してください。""}},{""成分名"":""無水カフェイン"",""妊婦・授乳婦"":{""判定"":""〇"",""備考"":""(妊娠: A相当 / 授乳: 安全（L2相当）) 通常のOTC含有量（1回50mg程度）であれば妊婦・授乳婦ともに影響は少なく安全。ただし、コーヒー等からの過剰摂取（1日200〜300mg以上）には注意を促す。""},""運転・操作"":{""判定"":""△"",""備考"":""覚醒作用がありますが、過剰摂取や他の鎮静作用のある成分との併用では注意が必要です。""},""禁忌・受診勧奨"":{""判定"":""△"",""備考"":""心疾患（不整脈、狭心症など）、胃潰瘍、緑内障の患者には慎重投与が必要です。""},""相互作用"":{""判定"":""△"",""備考"":""MAO阻害剤との併用で作用が増強されます。シメチジン、経口避妊薬、フルボキサミンなどカフェインの代謝を阻害する薬剤との併用で作用が増強されます。dl-メチルエフェドリンとの併用で中枢興奮作用が増強され、動悸、不眠、神経過敏のリスクがあります。""},""濫用・MOH"":{""判定"":""△"",""備考"":""連用により精神的依存を生じる可能性があり、離脱症状として頭痛、倦怠感などを起こすことがあります。薬剤乱用頭痛のリスクもあります。""},""ドーピング・毒性"":{""判定"":""〇"",""備考"":""WADA禁止物質ではありません（監視対象）。中毒量：成人で1回500mg以上、または1日1g以上で中毒症状（動悸、不眠、振戦、吐き気など）のリスクが増加します。致死量：成人で10g以上が致死量とされることが多いです（出典: Lexicomp, Poisindex）。""}},{""成分名"":""リボフラビン"",""妊婦・授乳婦"":{""判定"":""〇"",""備考"":""(妊娠: A / 授乳: 安全（L1相当）) ビタミンB2。妊婦・授乳婦ともに安全に服用可能。尿が黄色くなることがあるため、服薬指導時にその旨を添えると患者の安心感に繋がる。""},""運転・操作"":{""判定"":""〇"",""備考"":""運転・操作に影響はありません。""},""禁忌・受診勧奨"":{""判定"":""〇"",""備考"":""特筆すべき禁忌はありません。""},""相互作用"":{""判定"":""〇"",""備考"":""特筆すべき相互作用はありません。""},""濫用・MOH"":{""判定"":""〇"",""備考"":""濫用性はありません。""},""ドーピング・毒性"":{""判定"":""〇"",""備考"":""WADA禁止物質ではありません。過剰摂取による重篤な毒性は報告されていません。""}}]}"
2026/07/02 0:23:07,6,15才未満の小児,妊婦または妊娠していると思われる人は服用前に医師等に相談すること。授乳中は服用可能だが、念のため医師に相談すること。,-,"{""basis"":""6錠中"",""ingredients"":[{""name"":""サリチルアミド"",""id"":""D01811"",""amount"":648,""unit"":""mg""},{""name"":""アセトアミノフェン"",""id"":""D00217"",""amount"":360,""unit"":""mg""},{""name"":""無水カフェイン"",""id"":""D00528"",""amount"":144,""unit"":""mg""},{""name"":""プロメタジンメチレンジサリチル酸塩"",""id"":""D03290"",""amount"":32.4,""unit"":""mg""}]}","{""adult_dose"":""2錠×3回"",""daily_dose"":6,""prohibited_age"":""15才未満の小児""}","{""driving_warning"":""運転禁止"",""pregnancy_warning"":""妊婦または妊娠していると思われる人は服用前に医師等に相談すること。授乳中は服用可能だが、念のため医師に相談すること。"",""drug_category"":""かぜ薬"",""category_limit"":7,""packages"":[]}",パイロンPL錠は、サリチルアミド、アセトアミノフェン、プロメタジンメチレンジサリチル酸塩、無水カフェインの4つの有効成分を配合した非ピリン系のかぜ薬です。これらの成分の作用により、「のどの痛み」「発熱」「鼻みず」など、かぜの諸症状に優れた効果を発揮します。,パイロンPL錠,対象外,パイロン：「PL錠・PL錠Pro・PL顆粒・PL顆粒Pro」は指定濫用対象外、「PL錠ゴールド・溶かしてのむかぜ薬」は対象,"【⚠️レッドフラッグあり：現場確認必須】

【サリチルアミド】(妊娠: C / 授乳: 相談・注意（L3相当）)
サリチル酸系に属するため、妊娠後期（28週以降）の使用は胎児リスク（動脈管早期閉鎖等）となり禁忌。授乳中もアセトアミノフェン単剤への切り替えを推奨。

【アセトアミノフェン】(妊娠: A / 授乳: 安全（L1相当）)
妊娠全期間・授乳中を通じて第一選択となる解熱鎮痛成分。通常のOTC用量であれば母子ともに安全性が極めて高い。

【無水カフェイン】(妊娠: A相当 / 授乳: 安全（L2相当）)
通常のOTC含有量（1回50mg程度）であれば妊婦・授乳婦ともに影響は少なく安全。ただし、コーヒー等からの過剰摂取（1日200〜300mg以上）には注意を促す。

【プロメタジンメチレンジサリチル酸塩】(妊娠: C / 授乳: 相談・注意（L3相当）)
第一世代抗ヒスタミン薬。授乳中は乳児の傾眠リスクがあるため注意。総合感冒薬（PL配合顆粒等）に含まれるため、他の成分の禁忌（サリチルアミド等）に準じて妊娠後期の使用は避ける。",【現場_代替薬提案】<br>パイロンPL錠は、サリチルアミド、アセトアミノフェン、無水カフェイン、プロメタジンメチレンジサリチル酸塩（抗ヒスタミン薬）の複合剤であり、特にプロメタジンの鎮静作用が特徴です。患者さんの状況に応じて、以下の代替薬を提案します。<br>・<b>眠気を避けたい場合</b>：プロメタジンを含まない解熱鎮痛薬（例：アセトアミノフェン単剤、イブプロフェン単剤など）を提案します。<br>・<b>妊婦・授乳婦</b>：アセトアミノフェン単剤（成育医療センターの評価で『L1』）を第一選択として提案します。サリチルアミド、無水カフェイン、プロメタジンは避けるべき成分です。<br>・<b>運転・機械操作をする人</b>：プロメタジンによる眠気のリスクがあるため、本剤の服用を避けるか、アセトアミノフェン単剤など眠気成分を含まない薬剤を提案します。<br>・<b>胃への負担を考慮する場合</b>：サリチルアミドはNSAIDs様作用があるため、胃に優しいアセトアミノフェン単剤を提案します。<br>・<b>基礎疾患（閉塞隅角緑内障、前立腺肥大など）がある場合</b>：プロメタジンは抗コリン作用を持つため禁忌です。アセトアミノフェン単剤を提案します。<br>・<b>薬剤乱用頭痛（MOH）のリスクを避けたい場合</b>：複合鎮痛薬の長期連用はMOHのリスクがあるため、単剤（アセトアミノフェンなど）での使用を検討し、漫然とした使用を避けるよう指導します。,【現場_服薬指導エビデンス】<br>・<b>妊婦・授乳婦</b>：<br> ・<b>サリチルアミド</b>：妊婦には、特に妊娠後期（妊娠28週以降）に胎児の動脈管収縮・閉鎖、胎児腎機能障害、羊水過少症、分娩遅延のリスクがあるため禁忌です。妊娠初期〜中期も可能な限り避けるべきです。授乳婦では、母乳中へ移行する可能性があり、乳児への影響（出血傾向など）は不明確なため、避けるのが望ましいです。<br> ・<b>アセトアミノフェン</b>：妊婦には、妊娠中の第一選択薬の一つであり、成育医療センターの評価では『L1』とされています。ただし、長期連用や高用量使用は避けてください。授乳婦では、母乳中への移行は少量で、乳児への影響は少ないとされており、授乳中の第一選択薬の一つです。成育医療センターの評価では『L1』とされています。<br> ・<b>無水カフェイン</b>：妊婦には、過剰摂取により胎児への影響（低出生体重児、流産リスク）が指摘されているため、医薬品としての摂取量も注意が必要です。授乳婦では、母乳中へ移行し、乳児の興奮や不眠を引き起こす可能性があるため、摂取は控えるか少量に留めるべきです。<br> ・<b>プロメタジンメチレンジサリチル酸塩</b>：妊婦には、抗ヒスタミン薬であり、特に妊娠後期における使用は新生児の錐体外路症状や呼吸抑制のリスクが報告されているため、妊娠後期は避けるべきです。TGA分類は『C』です。授乳婦では、母乳中へ移行し、乳児の鎮静、興奮、呼吸抑制、抗コリン作用による影響（哺乳力低下など）の可能性があるため、授乳中は避けるべきです。<br>・<b>運転・操作</b>：<br> ・<b>サリチルアミド</b>：鎮痛作用が主であり、直接的な運転への影響は少ないと考えられます。<br> ・<b>アセトアミノフェン</b>：運転への直接的な影響は少ないと考えられます。<br> ・<b>無水カフェイン</b>：覚醒作用がありますが、過剰摂取は神経過敏や振戦を引き起こす可能性があり、運転に影響を及ぼす可能性もゼロではありません。<br> ・<b>プロメタジンメチレンジサリチル酸塩</b>：強い鎮静作用（眠気）と抗コリン作用（視調節障害など）があるため、服用後の自動車の運転や機械の操作は絶対に避けるべきです。半減期が比較的長いため、翌日まで影響が残る可能性も考慮してください。<br>・<b>禁忌・受診勧奨</b>：<br> ・<b>サリチルアミド</b>：禁忌：サリチル酸系製剤（アスピリンなど）で過敏症の既往歴のある患者、アスピリン喘息またはその既往歴のある患者。ライ症候群のリスクから、15歳未満の水痘、インフルエンザの患者には投与しないでください。重篤な肝機能障害、腎機能障害、消化性潰瘍のある患者。受診勧奨：長期連用は消化器系副作用（胃腸障害、消化性潰瘍）や腎機能障害のリスクがあるため、症状が改善しない場合は受診を勧めてください。<br> ・<b>アセトアミノフェン</b>：禁忌：本剤の成分に対し過敏症の既往歴のある患者。重篤な肝機能障害のある患者。受診勧奨：アルコール多飲者、肝機能障害患者、腎機能障害患者、アスピリン喘息の既往歴のある患者は慎重投与です。長期連用は肝機能障害のリスクがあるため、症状が改善しない場合は受診を勧めてください。<br> ・<b>無水カフェイン</b>：禁忌：心疾患のある患者、胃潰瘍の患者。受診勧奨：不眠症、不安障害、心臓病、高血圧、緑内障などの患者は注意が必要です。<br> ・<b>プロメタジンメチレンジサリチル酸塩</b>：禁忌：閉塞隅角緑内障、前立腺肥大等下部尿路閉塞性疾患のある患者（抗コリン作用により症状悪化）。喘息発作時（気道分泌物増加により気道閉塞を悪化させる可能性）。重篤な肝機能障害、腎機能障害のある患者。昏睡状態の患者。受診勧奨：緑内障、前立腺肥大、心疾患、てんかん、甲状腺機能亢進症、高齢者などは慎重投与です。<br>・<b>相互作用</b>：<br> ・<b>サリチルアミド</b>：抗凝固薬（ワルファリンなど）との併用で出血リスク増大。経口血糖降下薬の血糖降下作用増強。利尿薬の利尿作用減弱。他のNSAIDsとの併用で消化器系副作用増強。リチウム製剤の血中濃度上昇。アルコールとの併用で消化器系副作用増強、肝障害リスク増大。<br> ・<b>アセトアミノフェン</b>：アルコールとの併用で肝障害リスク増大。抗凝固薬（ワルファリンなど）との長期・高用量併用で抗凝固作用増強。イソニアジド、リファンピシン、フェニトイン、カルバマゼピン、バルビツール酸系薬剤など肝酵素誘導剤との併用で肝毒性リスク増大。SSRIとの直接的な相互作用は少ないですが、アセトアミノフェンの長期連用とSSRIの併用で消化器系出血リスクの報告もあるため注意が必要です。<br> ・<b>無水カフェイン</b>：エフェドリン、MAO阻害薬との併用で中枢神経刺激作用増強、不整脈リスク。シメチジン、経口避妊薬、フルボキサミン、シプロフロキサシンなどCYP1A2阻害薬との併用でカフェインの代謝遅延、作用増強。アルコールとの併用でカフェインの覚醒作用によりアルコールによる鎮静作用がマスクされ、過剰摂取につながる可能性があります。<br> ・<b>プロメタジンメチレンジサリチル酸塩</b>：中枢神経抑制薬（アルコール、催眠鎮静薬、抗不安薬、麻薬性鎮痛薬など）との併用で中枢神経抑制作用増強。抗コリン作用を有する薬剤（三環系抗うつ薬、MAO阻害薬、フェノチアジン系薬剤など）との併用で抗コリン作用増強。アドレナリンとの併用で昇圧作用の反転（血圧低下）。アルコールとの併用で中枢神経抑制作用増強、眠気増強。<br>・<b>濫用・MOH</b>：<br> ・<b>サリチルアミド</b>：濫用性は低いと考えられます。<br> ・<b>アセトアミノフェン</b>：濫用性は低いですが、過量摂取による肝毒性リスクは高いです。<br> ・<b>無水カフェイン</b>：精神依存性があり、離脱症状（頭痛、倦怠感など）を引き起こすことがあります。アッパー系に分類されます。<br> ・<b>プロメタジンメチレンジサリチル酸塩</b>：鎮静作用があるため、精神依存の可能性は低いですが、乱用されるケースも報告されています。ダウナー系に分類されます。<br> ・<b>薬剤乱用頭痛（MOH）</b>：サリチルアミド、アセトアミノフェン、カフェインを含む複合鎮痛薬は、長期連用により薬剤乱用頭痛を引き起こすリスクが高いです。週に2～3回以上、3ヶ月以上の漫然とした使用はMOHのリスクとなるため注意が必要です。<br>・<b>ドーピング・毒性</b>：<br> ・<b>サリチルアミド</b>：WADA（世界アンチ・ドーピング機構）の禁止物質リストには通常含まれません。<br> ・<b>アセトアミノフェン</b>：WADA禁止物質リストには含まれません。毒性：肝毒性が主な問題です。成人の中毒量は一般的に1回7.5g以上、または1日4g以上とされることがありますが、アルコール多飲者や肝機能障害患者ではより少量でも毒性が発現する可能性があります。『【要確認】中毒量・致死量等の詳細はPoisindex等の一次資料を参照』<br> ・<b>無水カフェイン</b>：WADA禁止物質リストの『特定競技における禁止物質（S6. 興奮薬）』に指定されていますが、尿中濃度が15 µg/mLを超えた場合に陽性となります。一般的な医薬品の用法用量では通常この濃度には達しないとされますが、競技会期間中の使用は注意が必要です。毒性：中枢神経刺激作用、心血管系への影響。中毒量は個人差が大きいですが、一般的に1日1g以上で中毒症状が出現し始めるとされます。『【要確認】中毒量・致死量等の詳細はPoisindex等の一次資料を参照』<br> ・<b>プロメタジンメチレンジサリチル酸塩</b>：WADA禁止物質リストには含まれません。毒性：過量摂取により、中枢神経抑制（傾眠、昏睡）、呼吸抑制、抗コリン作用（口渇、頻脈、尿閉、散瞳、幻覚）などが現れることがあります。『【要確認】中毒量・致死量等の詳細はPoisindex等の一次資料を参照』,"{""成分マトリックス"":[{""成分名"":""サリチルアミド"",""妊婦・授乳婦"":{""判定"":""✕"",""備考"":""(妊娠: C / 授乳: 相談・注意（L3相当）) サリチル酸系に属するため、妊娠後期（28週以降）の使用は胎児リスク（動脈管早期閉鎖等）となり禁忌。授乳中もアセトアミノフェン単剤への切り替えを推奨。""},""運転・操作"":{""判定"":""ー"",""備考"":""鎮痛作用が主であり、直接的な運転への影響は少ないと考えられます。""},""禁忌・受診勧奨"":{""判定"":""✕"",""備考"":""禁忌：サリチル酸系製剤（アスピリンなど）で過敏症の既往歴のある患者、アスピリン喘息またはその既往歴のある患者。ライ症候群のリスクから、15歳未満の水痘、インフルエンザの患者には投与しないでください。重篤な肝機能障害、腎機能障害、消化性潰瘍のある患者。受診勧奨：長期連用は消化器系副作用（胃腸障害、消化性潰瘍）や腎機能障害のリスクがあるため、症状が改善しない場合は受診を勧めてください。""},""相互作用"":{""判定"":""△"",""備考"":""抗凝固薬（ワルファリンなど）との併用で出血リスク増大。経口血糖降下薬の血糖降下作用増強。利尿薬の利尿作用減弱。他のNSAIDsとの併用で消化器系副作用増強。リチウム製剤の血中濃度上昇。アルコールとの併用で消化器系副作用増強、肝障害リスク増大。""},""濫用・MOH"":{""判定"":""ー"",""備考"":""濫用性は低いと考えられます。""},""ドーピング・毒性"":{""判定"":""ー"",""備考"":""WADA（世界アンチ・ドーピング機構）の禁止物質リストには通常含まれません。""}},{""成分名"":""アセトアミノフェン"",""妊婦・授乳婦"":{""判定"":""〇"",""備考"":""(妊娠: A / 授乳: 安全（L1相当）) 妊娠全期間・授乳中を通じて第一選択となる解熱鎮痛成分。通常のOTC用量であれば母子ともに安全性が極めて高い。""},""運転・操作"":{""判定"":""ー"",""備考"":""運転への直接的な影響は少ないと考えられます。""},""禁忌・受診勧奨"":{""判定"":""✕"",""備考"":""禁忌：本剤の成分に対し過敏症の既往歴のある患者。重篤な肝機能障害のある患者。受診勧奨：アルコール多飲者、肝機能障害患者、腎機能障害患者、アスピリン喘息の既往歴のある患者は慎重投与です。長期連用は肝機能障害のリスクがあるため、症状が改善しない場合は受診を勧めてください。""},""相互作用"":{""判定"":""△"",""備考"":""アルコールとの併用で肝障害リスク増大。抗凝固薬（ワルファリンなど）との長期・高用量併用で抗凝固作用増強。イソニアジド、リファンピシン、フェニトイン、カルバマゼピン、バルビツール酸系薬剤など肝酵素誘導剤との併用で肝毒性リスク増大。SSRIとの直接的な相互作用は少ないですが、アセトアミノフェンの長期連用とSSRIの併用で消化器系出血リスクの報告もあるため注意が必要です。""},""濫用・MOH"":{""判定"":""△"",""備考"":""濫用性は低いですが、過量摂取による肝毒性リスクは高いです。""},""ドーピング・毒性"":{""判定"":""ー"",""備考"":""WADA禁止物質リストには含まれません。毒性：肝毒性が主な問題です。成人の中毒量は一般的に1回7.5g以上、または1日4g以上とされることがありますが、アルコール多飲者や肝機能障害患者ではより少量でも毒性が発現する可能性があります。『【要確認】中毒量・致死量等の詳細はPoisindex等の一次資料を参照』""}},{""成分名"":""無水カフェイン"",""妊婦・授乳婦"":{""判定"":""〇"",""備考"":""(妊娠: A相当 / 授乳: 安全（L2相当）) 通常のOTC含有量（1回50mg程度）であれば妊婦・授乳婦ともに影響は少なく安全。ただし、コーヒー等からの過剰摂取（1日200〜300mg以上）には注意を促す。""},""運転・操作"":{""判定"":""〇"",""備考"":""覚醒作用がありますが、過剰摂取は神経過敏や振戦を引き起こす可能性があり、運転に影響を及ぼす可能性もゼロではありません。""},""禁忌・受診勧奨"":{""判定"":""✕"",""備考"":""禁忌：心疾患のある患者、胃潰瘍の患者。受診勧奨：不眠症、不安障害、心臓病、高血圧、緑内障などの患者は注意が必要です。""},""相互作用"":{""判定"":""△"",""備考"":""エフェドリン、MAO阻害薬との併用で中枢神経刺激作用増強、不整脈リスク。シメチジン、経口避妊薬、フルボキサミン、シプロフロキサシンなどCYP1A2阻害薬との併用でカフェインの代謝遅延、作用増強。アルコールとの併用でカフェインの覚醒作用によりアルコールによる鎮静作用がマスクされ、過剰摂取につながる可能性があります。""},""濫用・MOH"":{""判定"":""△"",""備考"":""精神依存性があり、離脱症状（頭痛、倦怠感など）を引き起こすことがあります。アッパー系に分類されます。""},""ドーピング・毒性"":{""判定"":""△"",""備考"":""WADA禁止物質リストの『特定競技における禁止物質（S6. 興奮薬）』に指定されていますが、尿中濃度が15 µg/mLを超えた場合に陽性となります。一般的な医薬品の用法用量では通常この濃度には達しないとされますが、競技会期間中の使用は注意が必要です。毒性：中枢神経刺激作用、心血管系への影響。中毒量は個人差が大きいですが、一般的に1日1g以上で中毒症状が出現し始めるとされます。『【要確認】中毒量・致死量等の詳細はPoisindex等の一次資料を参照』""}},{""成分名"":""プロメタジンメチレンジサリチル酸塩"",""妊婦・授乳婦"":{""判定"":""✕"",""備考"":""(妊娠: C / 授乳: 相談・注意（L3相当）) 第一世代抗ヒスタミン薬。授乳中は乳児の傾眠リスクがあるため注意。総合感冒薬（PL配合顆粒等）に含まれるため、他の成分の禁忌（サリチルアミド等）に準じて妊娠後期の使用は避ける。""},""運転・操作"":{""判定"":""✕"",""備考"":""強い鎮静作用（眠気）と抗コリン作用（視調節障害など）があるため、服用後の自動車の運転や機械の操作は絶対に避けるべきです。半減期が比較的長いため、翌日まで影響が残る可能性も考慮してください。""},""禁忌・受診勧奨"":{""判定"":""✕"",""備考"":""禁忌：閉塞隅角緑内障、前立腺肥大等下部尿路閉塞性疾患のある患者（抗コリン作用により症状悪化）。喘息発作時（気道分泌物増加により気道閉塞を悪化させる可能性）。重篤な肝機能障害、腎機能障害のある患者。昏睡状態の患者。受診勧奨：緑内障、前立腺肥大、心疾患、てんかん、甲状腺機能亢進症、高齢者などは慎重投与です。""},""相互作用"":{""判定"":""ー"",""備考"":""中枢神経抑制薬（アルコール、催眠鎮静薬、抗不安薬、麻薬性鎮痛薬など）との併用で中枢神経抑制作用増強。抗コリン作用を有する薬剤（三環系抗うつ薬、MAO阻害薬、フェノチアジン系薬剤など）との併用で抗コリン作用増強。アドレナリンとの併用で昇圧作用の反転（血圧低下）。アルコールとの併用で中枢神経抑制作用増強、眠気増強。""},""濫用・MOH"":{""判定"":""△"",""備考"":""鎮静作用があるため、精神依存の可能性は低いですが、乱用されるケースも報告されています。ダウナー系に分類されます。""},""ドーピング・毒性"":{""判定"":""ー"",""備考"":""WADA禁止物質リストには含まれません。毒性：過量摂取により、中枢神経抑制（傾眠、昏睡）、呼吸抑制、抗コリン作用（口渇、頻脈、尿閉、散瞳、幻覚）などが現れることがあります。『【要確認】中毒量・致死量等の詳細はPoisindex等の一次資料を参照』""}},{""成分名"":""薬剤乱用頭痛（MOH）"",""濫用・MOH"":{""判定"":""△"",""備考"":""サリチルアミド、アセトアミノフェン、カフェインを含む複合鎮痛薬は、長期連用により薬剤乱用頭痛を引き起こすリスクが高いです。週に2～3回以上、3ヶ月以上の漫然とした使用はMOHのリスクとなるため注意が必要です。""}}]}"
2026/07/02 0:34:59,6,15才未満の小児,妊婦または妊娠していると思われる人は服用前に相談,デキストロメトルファン,"{""basis"":""6錠中"",""ingredients"":[{""name"":""サリチルアミド"",""id"":""D01811"",""amount"":648,""unit"":""mg""},{""name"":""アセトアミノフェン"",""id"":""D00217"",""amount"":360,""unit"":""mg""},{""name"":""無水カフェイン"",""id"":""D00528"",""amount"":144,""unit"":""mg""},{""name"":""プロメタジンメチレンジサリチル酸塩"",""id"":""D03290"",""amount"":32.4,""unit"":""mg""},{""name"":""デキストロメトルファン臭化水素酸塩水和物"",""id"":""D00848"",""amount"":48,""unit"":""mg""},{""name"":""ブロムヘキシン塩酸塩"",""id"":""D01778"",""amount"":12,""unit"":""mg""}]}","{""adult_dose"":""2錠×3回"",""daily_dose"":6,""prohibited_age"":""15才未満の小児""}","{""driving_warning"":""運転禁止"",""pregnancy_warning"":""妊婦または妊娠していると思われる人は服用前に相談"",""drug_category"":""かぜ薬（内用）"",""category_limit"":7,""packages"":[{""package_type"":""18錠"",""estimated_days"":3,""capacity_judgment"":""小容量""},{""package_type"":""30錠"",""estimated_days"":5,""capacity_judgment"":""小容量""}]}",パイロンPL錠 ゴールドは、サリチルアミドとアセトアミノフェン、プロメタジンメチレンジサリチル酸塩、無水カフェイン、デキストロメトルファン臭化水素酸塩水和物、ブロムヘキシン塩酸塩の6つの有効成分を配合した非ピリン系の総合かぜ薬です。せき、たん、のどの痛み、発熱、鼻みずなど、かぜの11症状に優れた効果を発揮します。,パイロンPL錠 ゴールド,〇,-,"【⚠️レッドフラッグあり：現場確認必須】

【サリチルアミド】(妊娠: C / 授乳: 相談・注意（L3相当）)
サリチル酸系に属するため、妊娠後期（28週以降）の使用は胎児リスク（動脈管早期閉鎖等）となり禁忌。授乳中もアセトアミノフェン単剤への切り替えを推奨。

【アセトアミノフェン】(妊娠: A / 授乳: 安全（L1相当）)
妊娠全期間・授乳中を通じて第一選択となる解熱鎮痛成分。通常のOTC用量であれば母子ともに安全性が極めて高い。

【無水カフェイン】(妊娠: A相当 / 授乳: 安全（L2相当）)
通常のOTC含有量（1回50mg程度）であれば妊婦・授乳婦ともに影響は少なく安全。ただし、コーヒー等からの過剰摂取（1日200〜300mg以上）には注意を促す。

【プロメタジンメチレンジサリチル酸塩】(妊娠: C / 授乳: 相談・注意（L3相当）)
第一世代抗ヒスタミン薬。授乳中は乳児の傾眠リスクがあるため注意。総合感冒薬（PL配合顆粒等）に含まれるため、他の成分の禁忌（サリチルアミド等）に準じて妊娠後期の使用は避ける。

【デキストロメトルファン臭化水素酸塩水和物】(妊娠: A / 授乳: 相談・注意（L3相当）)
妊婦には安全に使用可能（A）。授乳中も通常量であれば安全とされるが、乳児の呼吸抑制に注意。コデイン類が禁忌のケースで優先して提案できる鎮咳成分。

【ブロムヘキシン塩酸塩】(妊娠: A / 授乳: 安全（L2相当）)
気道粘液分泌促進薬。妊婦・授乳婦に対する明らかな有害事象の報告はなく比較的安全だが、妊娠中の第一選択としてはカルボシステイン等が推奨されることが多い。",【現場_代替薬提案】<br>本製品はサリチルアミド、アセトアミノフェン、無水カフェイン、プロメタジン、デキストロメトルファン、ブロムヘキシンといった多数の成分を配合しており、様々な症状に効果が期待できる反面、副作用や相互作用のリスクも高まります。特に、妊婦・授乳婦、運転をされる方、基礎疾患（アスピリン喘息、消化性潰瘍、肝・腎・心疾患、緑内障、前立腺肥大など）をお持ちの方、他の薬剤を服用中の方には推奨できません。<br>・<b>妊婦・授乳婦の方</b>：アセトアミノフェン単剤（例: タイレノールAなど）を第一選択として提案し、必要に応じて医師への受診を勧めてください。サリチルアミドやプロメタジン含有製剤は避けるべきです。<br>・<b>運転をされる方</b>：プロメタジンによる強い眠気のリスクがあるため、運転前や運転中の服用は絶対に避けるべきです。眠気の少ない解熱鎮痛剤（例: アセトアミノフェン単剤）や、非鎮静性成分のみの風邪薬を提案してください。<br>・<b>基礎疾患をお持ちの方</b>：個別の基礎疾患に応じて、禁忌成分を含まない単一成分製剤や、より安全性の高い代替薬を提案してください。例えば、アスピリン喘息の既往がある場合はアセトアミノフェン単剤、緑内障や前立腺肥大がある場合は抗ヒスタミン成分を含まない製剤を検討し、医療機関への受診勧奨を最優先としてください。<br>・<b>乱用リスクを懸念する場合</b>：デキストロメトルファンやプロメタジンは乱用リスクが指摘される成分です。購入者の状況を慎重に確認し、必要に応じて販売を控える、または単一成分製剤や乱用リスクの低い代替品を提案してください。,"【現場_服薬指導エビデンス】<br>・<b>妊婦・授乳婦</b>：<br> ・<b>サリチルアミド</b>：妊婦への使用は、NSAIDsと同様に妊娠後期（特に妊娠28週以降）は胎児の動脈管収縮・閉鎖、胎児腎機能障害、羊水過少症、分娩遷延のリスクがあるため禁忌です。妊娠初期・中期も可能な限り避けるべきです。授乳婦では母乳中への移行が報告されており、乳児への影響（出血傾向など）が懸念されるため、授乳を避けるか、本剤の使用を中止するよう指導してください。成育L分類やTGA分類については、提供されたナレッジベースには記載がありません。一次資料を参照してください。<br> ・<b>アセトアミノフェン</b>：妊娠中の解熱鎮痛薬として第一選択薬の一つとされています。ただし、長期・大量使用は避けるべきであり、短期間の必要最小限の使用に留めるよう指導してください。授乳婦では母乳中への移行は少量であり、乳児への影響は少ないとされていますが、乳児の状態を観察するよう伝えてください。成育L分類やTGA分類については、提供されたナレッジベースには記載がありません。一般的には成育医療センターのL1に分類されることが多いですが、推測は禁止されているため、一次資料を参照してください。<br> ・<b>無水カフェイン</b>：妊婦の過剰摂取は胎児への影響（低出生体重児、流産リスク増加など）が示唆されるため、摂取量を制限すべきです。本剤には144mg/6錠含まれており、他からのカフェイン摂取も考慮し、総摂取量に注意が必要であることを伝えてください。授乳婦では母乳中に移行し、乳児が興奮、不眠、不機嫌になる可能性があるため、授乳中は摂取を控えるか、量を制限するよう指導してください。成育L分類やTGA分類については、提供されたナレッジベースには記載がありません。一次資料を参照してください。<br> ・<b>プロメタジンメチレンジサリチル酸塩</b>：妊婦への使用は、特に妊娠後期における使用は新生児に錐体外路症状、呼吸抑制、鎮静などを引き起こす可能性があるため避けるべきです。妊娠初期・中期も可能な限り避けるよう指導してください。授乳婦では母乳中へ移行し、乳児に鎮静、興奮、無呼吸、哺乳力低下などを引き起こす可能性があるため、授乳中の使用は避けるべきです。成育L分類やTGA分類については、提供されたナレッジベースには記載がありません。一次資料を参照してください。<br> ・<b>デキストロメトルファン臭化水素酸塩水和物</b>：妊婦への使用は比較的安全性が高いとされていますが、確立されたデータは限られるため、必要最小限の使用に留めるよう指導してください。授乳婦では母乳中への移行は少量とされていますが、乳児への影響は不明確な点もあるため、注意が必要です。成育L分類やTGA分類については、提供されたナレッジベースには記載がありません。一次資料を参照してください。<br> ・<b>ブロムヘキシン塩酸塩</b>：妊婦への使用は、動物実験で胎児への影響は認められていないものの、ヒトでの十分なデータはないため、妊娠初期は避けるのが望ましいです。授乳婦では母乳中への移行が報告されており、乳児への影響は不明な点もあるため、授乳を避けるか、本剤の使用を中止するよう指導してください。成育L分類やTGA分類については、提供されたナレッジベースには記載がありません。一次資料を参照してください。<br>・<b>運転・操作</b>：<br> ・<b>サリチルアミド</b>：鎮静作用は一般的に低いとされますが、個人差により眠気やめまいが生じる可能性は否定できません。<br> ・<b>アセトアミノフェン</b>：運転に影響を及ぼすような鎮静作用や精神神経症状は通常認められません。<br> ・<b>無水カフェイン</b>：覚醒作用がありますが、過剰摂取により神経過敏、めまい、動悸などを引き起こす可能性があり、集中力に影響を及ぼす場合があります。<br> ・<b>プロメタジンメチレンジサリチル酸塩</b>：強い鎮静作用、眠気、めまい、集中力低下を引き起こす可能性があるため、本剤服用中の運転や危険を伴う機械の操作は絶対に避けるよう指導してください。抗コリン作用による視調節障害（霧視など）も起こりうるため注意が必要です。<br> ・<b>デキストロメトルファン臭化水素酸塩水和物</b>：高用量で鎮静作用やめまいが生じる可能性があります。通常用量では影響は少ないとされますが、注意が必要です。<br> ・<b>ブロムヘキシン塩酸塩</b>：運転に影響を及ぼすような鎮静作用や精神神経症状は通常認められません。<br>・<b>禁忌・受診勧奨</b>：<br> ・<b>サリチルアミド</b>：アスピリン喘息またはその既往歴のある患者は重篤な喘息発作を誘発する恐れがあるため禁忌です。消化性潰瘍の既往歴のある患者、重篤な血液疾患、肝機能障害、腎機能障害、心機能不全のある患者も禁忌または慎重投与です。症状が改善しない場合、悪化する場合、発疹、かゆみ、黄疸などの副作用が出た場合は受診を勧奨してください。<br> ・<b>アセトアミノフェン</b>：重篤な肝機能障害のある患者は肝障害を悪化させる恐れがあるため禁忌です。本剤の成分に対し過敏症の既往歴のある患者も禁忌です。症状が改善しない場合、悪化する場合、発疹、かゆみ、黄疸などの副作用が出た場合は受診を勧奨してください。<br> ・<b>無水カフェイン</b>：心疾患、胃潰瘍、緑内障、てんかんなどの患者は症状を悪化させる可能性があるため、慎重な使用が必要です。動悸、不眠、胃部不快感などの症状が続く場合は受診を勧奨してください。<br> ・<b>プロメタジンメチレンジサリチル酸塩</b>：緑内障、前立腺肥大等下部尿路閉塞性疾患のある患者は抗コリン作用により症状悪化の恐れがあるため禁忌です。重篤な呼吸器疾患（喘息、COPDなど）のある患者は呼吸抑制を増強する可能性があり禁忌です。てんかん患者、昏睡状態の患者、MAO阻害剤投与中の患者も禁忌です。排尿困難、眼圧上昇、呼吸苦、意識障害などの症状が出た場合は受診を勧奨してください。<br> ・<b>デキストロメトルファン臭化水素酸塩水和物</b>：MAO阻害剤投与中の患者は禁忌です。2週間以上使用しても症状が改善しない場合は受診を勧奨してください。<br> ・<b>ブロムヘキシン塩酸塩</b>：本剤の成分に対し過敏症の既往歴のある患者は禁忌です。症状が改善しない場合、悪化する場合は受診を勧奨してください。<br>・<b>相互作用</b>：<br> ・<b>サリチルアミド</b>：ワルファリン等の抗凝固薬との併用で出血傾向増強、メトトレキサートとの併用で毒性増強、経口血糖降下薬との併用で血糖降下作用増強、他のNSAIDsとの併用で消化管出血等の副作用増強、アルコールとの併用で消化管出血や肝障害のリスク増強に注意が必要です。<br> ・<b>アセトアミノフェン</b>：アルコールとの併用で肝障害のリスク増強、ワルファリン等の抗凝固薬との併用でワルファリンの作用増強、CYP2E1誘導剤（フェノバルビタール、フェニトイン、リファンピシンなど）やイソニアジドとの併用で肝毒性増強に注意が必要です。<br> ・<b>無水カフェイン</b>：MAO阻害剤との併用で中枢神経興奮作用増強、エフェドリンやプソイドエフェドリン等の交感神経刺激薬との併用で中枢神経刺激作用や心血管系作用増強、シメチジンや経口避妊薬、フルボキサミン等との併用でカフェインの代謝阻害による作用増強に注意が必要です。アルコールとの併用では、カフェインの覚醒作用によりアルコールによる鎮静作用がマスクされ、過剰摂取につながる可能性があります。<br> ・<b>プロメタジンメチレンジサリチル酸塩</b>：中枢神経抑制薬（アルコール、鎮静剤、睡眠薬、抗不安薬、麻薬性鎮痛薬など）との併用で、相互に作用増強し過度の鎮静、呼吸抑制、意識障害を引き起こす可能性があるため併用は避けるべきです。MAO阻害剤との併用はプロメタジンの作用増強や抗コリン作用増強のリスクがあるため禁忌です。抗コリン作用を有する薬剤（三環系抗うつ薬、一部の抗精神病薬、パーキンソン病治療薬など）との併用で抗コリン作用が増強（口渇、便秘、排尿困難、視調節障害など）します。SSRIとの併用はセロトニン症候群のリスクは低いものの、注意が必要です。<br> ・<b>デキストロメトルファン臭化水素酸塩水和物</b>：MAO阻害剤との併用はセロトニン症候群（発熱、発汗、振戦、ミオクローヌス、意識障害など）のリスクがあるため禁忌です。MAO阻害剤中止後2週間はデキストロメトルファンを使用しないよう指導してください。SSRI、SNRI、三環系抗うつ薬との併用でもセロトニン症候群のリスクが増強します。CYP2D6阻害剤（キニジン、フルオキセチン、パロキセチンなど）との併用でデキストロメトルファンの血中濃度上昇や副作用増強に注意が必要です。アルコールとの併用で中枢神経抑制作用が増強します。<br> ・<b>ブロムヘキシン塩酸塩</b>：抗生物質との併用で、抗生物質の気道分泌物への移行を促進する可能性があります。<br>・<b>濫用・MOH</b>：<br> ・<b>サリチルアミド</b>：濫用性は低いとされます。<br> ・<b>アセトアミノフェン</b>：濫用性は低いとされますが、過量摂取による肝毒性リスクが高いです。<br> ・<b>無水カフェイン</b>：覚醒作用があり、精神的依存を形成する可能性があります。連用により離脱症状（頭痛、倦怠感など）が生じることがあります。<br> ・<b>プロメタジンメチレンジサリチル酸塩</b>：鎮静作用や抗コリン作用による多幸感や離人感から、一部で乱用される可能性があります。精神的依存、身体的依存のリスクが指摘されています。<br> ・<b>デキストロメトルファン臭化水素酸塩水和物</b>：高用量で幻覚作用や解離作用（サイケデリック効果）があるため、乱用薬物として知られています（『ロボットリップ』など）。精神的依存を形成するリスクが高いです。乱用目的の購入には厳重な注意が必要です。<br> ・<b>ブロムヘキシン塩酸塩</b>：濫用性は低いとされます。<br>本製品はデキストロメトルファンとプロメタジンを含有しており、乱用されるリスクがあるため、購入者の状況（頻回購入、多量購入、不自然な言動など）を注意深く確認し、必要に応じて販売を控える、または医療機関受診を勧めてください。また、鎮痛成分（サリチルアミド、アセトアミノフェン、カフェイン）を含むため、週に3日以上、3ヶ月以上の連用により薬剤乱用頭痛（MOH）を引き起こす可能性があります。頭痛の頻度が増えたり、症状が悪化したりする場合は、薬剤乱用頭痛の可能性を考慮し、使用中止と医療機関受診を勧めるよう指導してください。<br>・<b>ドーピング・毒性</b>：<br> ・<b>サリチルアミド</b>：WADA（世界アンチ・ドーピング機構）の禁止物質リストには通常含まれていません。中毒量・致死量等の詳細はPoisindex等の一次資料を参照してください。サリチル酸系薬剤と同様に、過量摂取でサリチル酸中毒（耳鳴り、めまい、吐き気、嘔吐、アシドーシス、呼吸促進など）を引き起こす可能性があります。<br> ・<b>アセトアミノフェン</b>：WADA禁止物質ではありません。成人の急性中毒量（単回摂取）は通常7.5g以上とされることが多いですが、アルコール多飲者や肝機能障害患者では少量でも肝毒性が発現するリスクがあります。致死量は10-15g以上とされることが多いです。『出典: Poisindex, Lexicomp』過量摂取により重篤な肝障害を引き起こすため、用法・用量を厳守するよう指導してください。<br> ・<b>無水カフェイン</b>：WADA禁止物質リストには含まれませんが、一部の競技団体では高用量での使用が制限される場合がある（閾値を超える尿中濃度）ため、競技者は念のため確認を促してください。成人の急性中毒量（単回摂取）は通常1g以上で、致死量は5-10g以上とされることが多いです。『出典: Poisindex, Lexicomp』過量摂取により神経過敏、不眠、動悸、頻脈、不整脈、消化器症状、痙攣などを引き起こす可能性があります。<br> ・<b>プロメタジンメチレンジサリチル酸塩</b>：WADA禁止物質ではありません。中毒量・致死量等の詳細はPoisindex等の一次資料を参照してください。過量摂取により重度の鎮静、呼吸抑制、低血圧、頻脈、抗コリン作用（散瞳、口渇、尿閉、腸閉塞）、痙攣、昏睡などを引き起こす可能性があります。<br> ・<b>デキストロメトルファン臭化水素酸塩水和物</b>：WADA禁止物質ではありません。中毒量・致死量等の詳細はPoisindex等の一次資料を参照してください。過量摂取により中枢神経抑制、興奮、幻覚、錯乱、セロトニン症候群、呼吸抑制などを引き起こす可能性があります。<br> ・<b>ブロムヘキシン塩酸塩</b>：WADA禁止物質ではありません。中毒量・致死量等の詳細はPoisindex等の一次資料を参照してください。通常用量での毒性は低いですが、過量摂取により消化器症状などが起こる可能性があります。","{""成分マトリックス"":[{""成分名"":""サリチルアミド"",""妊婦・授乳婦"":{""判定"":""✕"",""備考"":""(妊娠: C / 授乳: 相談・注意（L3相当）) サリチル酸系に属するため、妊娠後期（28週以降）の使用は胎児リスク（動脈管早期閉鎖等）となり禁忌。授乳中もアセトアミノフェン単剤への切り替えを推奨。""},""運転・操作"":{""判定"":""〇"",""備考"":""鎮静作用は一般的に低いとされますが、個人差により眠気やめまいが生じる可能性は否定できません。""},""禁忌・受診勧奨"":{""判定"":""✕"",""備考"":""アスピリン喘息またはその既往歴のある患者は重篤な喘息発作を誘発する恐れがあるため禁忌です。消化性潰瘍の既往歴のある患者、重篤な血液疾患、肝機能障害、腎機能障害、心機能不全のある患者も禁忌または慎重投与です。症状が改善しない場合、悪化する場合、発疹、かゆみ、黄疸などの副作用が出た場合は受診を勧奨してください。""},""相互作用"":{""判定"":""△"",""備考"":""ワルファリン等の抗凝固薬との併用で出血傾向増強、メトトレキサートとの併用で毒性増強、経口血糖降下薬との併用で血糖降下作用増強、他のNSAIDsとの併用で消化管出血等の副作用増強、アルコールとの併用で消化管出血や肝障害のリスク増強に注意が必要です。""},""濫用・MOH"":{""判定"":""〇"",""備考"":""濫用性は低いとされます。""},""ドーピング・毒性"":{""判定"":""ー"",""備考"":""WADA（世界アンチ・ドーピング機構）の禁止物質リストには通常含まれていません。中毒量・致死量等の詳細はPoisindex等の一次資料を参照してください。サリチル酸系薬剤と同様に、過量摂取でサリチル酸中毒（耳鳴り、めまい、吐き気、嘔吐、アシドーシス、呼吸促進など）を引き起こす可能性があります。""}},{""成分名"":""アセトアミノフェン"",""妊婦・授乳婦"":{""判定"":""〇"",""備考"":""(妊娠: A / 授乳: 安全（L1相当）) 妊娠全期間・授乳中を通じて第一選択となる解熱鎮痛成分。通常のOTC用量であれば母子ともに安全性が極めて高い。""},""運転・操作"":{""判定"":""ー"",""備考"":""運転に影響を及ぼすような鎮静作用や精神神経症状は通常認められません。""},""禁忌・受診勧奨"":{""判定"":""✕"",""備考"":""重篤な肝機能障害のある患者は肝障害を悪化させる恐れがあるため禁忌です。本剤の成分に対し過敏症の既往歴のある患者も禁忌です。症状が改善しない場合、悪化する場合、発疹、かゆみ、黄疸などの副作用が出た場合は受診を勧奨してください。""},""相互作用"":{""判定"":""△"",""備考"":""アルコールとの併用で肝障害のリスク増強、ワルファリン等の抗凝固薬との併用でワルファリンの作用増強、CYP2E1誘導剤（フェノバルビタール、フェニトイン、リファンピシンなど）やイソニアジドとの併用で肝毒性増強に注意が必要です。""},""濫用・MOH"":{""判定"":""〇"",""備考"":""濫用性は低いとされますが、過量摂取による肝毒性リスクが高いです。""},""ドーピング・毒性"":{""判定"":""〇"",""備考"":""WADA禁止物質ではありません。成人の急性中毒量（単回摂取）は通常7.5g以上とされることが多いですが、アルコール多飲者や肝機能障害患者では少量でも肝毒性が発現するリスクがあります。致死量は10-15g以上とされることが多いです。『出典: Poisindex, Lexicomp』過量摂取により重篤な肝障害を引き起こすため、用法・用量を厳守するよう指導してください。""}},{""成分名"":""無水カフェイン"",""妊婦・授乳婦"":{""判定"":""〇"",""備考"":""(妊娠: A相当 / 授乳: 安全（L2相当）) 通常のOTC含有量（1回50mg程度）であれば妊婦・授乳婦ともに影響は少なく安全。ただし、コーヒー等からの過剰摂取（1日200〜300mg以上）には注意を促す。""},""運転・操作"":{""判定"":""ー"",""備考"":""覚醒作用がありますが、過剰摂取により神経過敏、めまい、動悸などを引き起こす可能性があり、集中力に影響を及ぼす場合があります。""},""禁忌・受診勧奨"":{""判定"":""△"",""備考"":""心疾患、胃潰瘍、緑内障、てんかんなどの患者は症状を悪化させる可能性があるため、慎重な使用が必要です。動悸、不眠、胃部不快感などの症状が続く場合は受診を勧奨してください。""},""相互作用"":{""判定"":""△"",""備考"":""MAO阻害剤との併用で中枢神経興奮作用増強、エフェドリンやプソイドエフェドリン等の交感神経刺激薬との併用で中枢神経刺激作用や心血管系作用増強、シメチジンや経口避妊薬、フルボキサミン等との併用でカフェインの代謝阻害による作用増強に注意が必要です。アルコールとの併用では、カフェインの覚醒作用によりアルコールによる鎮静作用がマスクされ、過剰摂取につながる可能性があります。""},""濫用・MOH"":{""判定"":""△"",""備考"":""覚醒作用があり、精神的依存を形成する可能性があります。連用により離脱症状（頭痛、倦怠感など）が生じることがあります。""},""ドーピング・毒性"":{""判定"":""ー"",""備考"":""WADA禁止物質リストには含まれませんが、一部の競技団体では高用量での使用が制限される場合がある（閾値を超える尿中濃度）ため、競技者は念のため確認を促してください。成人の急性中毒量（単回摂取）は通常1g以上で、致死量は5-10g以上とされることが多いです。『出典: Poisindex, Lexicomp』過量摂取により神経過敏、不眠、動悸、頻脈、不整脈、消化器症状、痙攣などを引き起こす可能性があります。""}},{""成分名"":""プロメタジンメチレンジサリチル酸塩"",""妊婦・授乳婦"":{""判定"":""✕"",""備考"":""(妊娠: C / 授乳: 相談・注意（L3相当）) 第一世代抗ヒスタミン薬。授乳中は乳児の傾眠リスクがあるため注意。総合感冒薬（PL配合顆粒等）に含まれるため、他の成分の禁忌（サリチルアミド等）に準じて妊娠後期の使用は避ける。""},""運転・操作"":{""判定"":""✕"",""備考"":""強い鎮静作用、眠気、めまい、集中力低下を引き起こす可能性があるため、本剤服用中の運転や危険を伴う機械の操作は絶対に避けるよう指導してください。抗コリン作用による視調節障害（霧視など）も起こりうるため注意が必要です。""},""禁忌・受診勧奨"":{""判定"":""✕"",""備考"":""緑内障、前立腺肥大等下部尿路閉塞性疾患のある患者は抗コリン作用により症状悪化の恐れがあるため禁忌です。重篤な呼吸器疾患（喘息、COPDなど）のある患者は呼吸抑制を増強する可能性があり禁忌です。てんかん患者、昏睡状態の患者、MAO阻害剤投与中の患者も禁忌です。排尿困難、眼圧上昇、呼吸苦、意識障害などの症状が出た場合は受診を勧奨してください。""},""相互作用"":{""判定"":""✕"",""備考"":""中枢神経抑制薬（アルコール、鎮静剤、睡眠薬、抗不安薬、麻薬性鎮痛薬など）との併用で、相互に作用増強し過度の鎮静、呼吸抑制、意識障害を引き起こす可能性があるため併用は避けるべきです。MAO阻害剤との併用はプロメタジンの作用増強や抗コリン作用増強のリスクがあるため禁忌です。抗コリン作用を有する薬剤（三環系抗うつ薬、一部の抗精神病薬、パーキンソン病治療薬など）との併用で抗コリン作用が増強（口渇、便秘、排尿困難、視調節障害など）します。SSRIとの併用はセロトニン症候群のリスクは低いものの、注意が必要です。""},""濫用・MOH"":{""判定"":""△"",""備考"":""鎮静作用や抗コリン作用による多幸感や離人感から、一部で乱用される可能性があります。精神的依存、身体的依存のリスクが指摘されています。""},""ドーピング・毒性"":{""判定"":""〇"",""備考"":""WADA禁止物質ではありません。中毒量・致死量等の詳細はPoisindex等の一次資料を参照してください。過量摂取により重度の鎮静、呼吸抑制、低血圧、頻脈、抗コリン作用（散瞳、口渇、尿閉、腸閉塞）、痙攣、昏睡などを引き起こす可能性があります。""}},{""成分名"":""デキストロメトルファン臭化水素酸塩水和物"",""妊婦・授乳婦"":{""判定"":""✕"",""備考"":""(妊娠: A / 授乳: 相談・注意（L3相当）) 妊婦には安全に使用可能（A）。授乳中も通常量であれば安全とされるが、乳児の呼吸抑制に注意。コデイン類が禁忌のケースで優先して提案できる鎮咳成分。""},""運転・操作"":{""判定"":""△"",""備考"":""高用量で鎮静作用やめまいが生じる可能性があります。通常用量では影響は少ないとされますが、注意が必要です。""},""禁忌・受診勧奨"":{""判定"":""✕"",""備考"":""MAO阻害剤投与中の患者は禁忌です。2週間以上使用しても症状が改善しない場合は受診を勧奨してください。""},""相互作用"":{""判定"":""✕"",""備考"":""MAO阻害剤との併用はセロトニン症候群（発熱、発汗、振戦、ミオクローヌス、意識障害など）のリスクがあるため禁忌です。MAO阻害剤中止後2週間はデキストロメトルファンを使用しないよう指導してください。SSRI、SNRI、三環系抗うつ薬との併用でもセロトニン症候群のリスクが増強します。CYP2D6阻害剤（キニジン、フルオキセチン、パロキセチンなど）との併用でデキストロメトルファンの血中濃度上昇や副作用増強に注意が必要です。アルコールとの併用で中枢神経抑制作用が増強します。""},""濫用・MOH"":{""判定"":""△"",""備考"":""高用量で幻覚作用や解離作用（サイケデリック効果）があるため、乱用薬物として知られています（『ロボットリップ』など）。精神的依存を形成するリスクが高いです。乱用目的の購入には厳重な注意が必要です。""},""ドーピング・毒性"":{""判定"":""〇"",""備考"":""WADA禁止物質ではありません。中毒量・致死量等の詳細はPoisindex等の一次資料を参照してください。過量摂取により中枢神経抑制、興奮、幻覚、錯乱、セロトニン症候群、呼吸抑制などを引き起こす可能性があります。""}},{""成分名"":""ブロムヘキシン塩酸塩"",""妊婦・授乳婦"":{""判定"":""〇"",""備考"":""(妊娠: A / 授乳: 安全（L2相当）) 気道粘液分泌促進薬。妊婦・授乳婦に対する明らかな有害事象の報告はなく比較的安全だが、妊娠中の第一選択としてはカルボシステイン等が推奨されることが多い。""},""運転・操作"":{""判定"":""ー"",""備考"":""運転に影響を及ぼすような鎮静作用や精神神経症状は通常認められません。""},""禁忌・受診勧奨"":{""判定"":""✕"",""備考"":""本剤の成分に対し過敏症の既往歴のある患者は禁忌です。症状が改善しない場合、悪化する場合は受診を勧奨してください。""},""相互作用"":{""判定"":""ー"",""備考"":""抗生物質との併用で、抗生物質の気道分泌物への移行を促進する可能性があります。""},""濫用・MOH"":{""判定"":""〇"",""備考"":""濫用性は低いとされます。本製品はデキストロメトルファンとプロメタジンを含有しており、乱用されるリスクがあるため、購入者の状況（頻回購入、多量購入、不自然な言動など）を注意深く確認し、必要に応じて販売を控える、または医療機関受診を勧めてください。また、鎮痛成分（サリチルアミド、アセトアミノフェン、カフェイン）を含むため、週に3日以上、3ヶ月以上の連用により薬剤乱用頭痛（MOH）を引き起こす可能性があります。頭痛の頻度が増えたり、症状が悪化したりする場合は、薬剤乱用頭痛の可能性を考慮し、使用中止と医療機関受診を勧めるよう指導してください。""},""ドーピング・毒性"":{""判定"":""〇"",""備考"":""WADA禁止物質ではありません。中毒量・致死量等の詳細はPoisindex等の一次資料を参照してください。通常用量での毒性は低いですが、過量摂取により消化器症状などが起こる可能性があります。""}}]}"
2026/07/02 0:37:13,8,15才未満の小児,授乳中の人、妊婦または妊娠していると思われる人は服用前に相談すること,-,"{""basis"":""8錠中"",""ingredients"":[{""name"":""サリチルアミド"",""id"":""D01811"",""amount"":1080,""unit"":""mg""},{""name"":""アセトアミノフェン"",""id"":""D00217"",""amount"":600,""unit"":""mg""},{""name"":""無水カフェイン"",""id"":""D00528"",""amount"":240,""unit"":""mg""},{""name"":""プロメタジンメチレンジサリチル酸塩"",""id"":""D03290"",""amount"":54,""unit"":""mg""}]}","{""adult_dose"":""2錠×4回"",""daily_dose"":8,""prohibited_age"":""15才未満の小児""}","{""driving_warning"":""運転禁止"",""pregnancy_warning"":""授乳中の人、妊婦または妊娠していると思われる人は服用前に相談すること"",""drug_category"":""かぜ薬"",""category_limit"":7,""packages"":[]}",パイロンPL錠Proは、解熱鎮痛成分であるサリチルアミドとアセトアミノフェン、抗ヒスタミン成分であるプロメタジンメチレンジサリチル酸塩、痛みをおさえるはたらきを助ける無水カフェインの4つの有効成分の作用により、「のどの痛み」「発熱」「鼻みず」などのかぜの諸症状にすぐれた効果を発揮する非ピリン系のかぜ薬です。,パイロンPL錠Pro,対象外,-,"【⚠️レッドフラッグあり：現場確認必須】

【サリチルアミド】(妊娠: C / 授乳: 相談・注意（L3相当）)
サリチル酸系に属するため、妊娠後期（28週以降）の使用は胎児リスク（動脈管早期閉鎖等）となり禁忌。授乳中もアセトアミノフェン単剤への切り替えを推奨。

【アセトアミノフェン】(妊娠: A / 授乳: 安全（L1相当）)
妊娠全期間・授乳中を通じて第一選択となる解熱鎮痛成分。通常のOTC用量であれば母子ともに安全性が極めて高い。

【無水カフェイン】(妊娠: A相当 / 授乳: 安全（L2相当）)
通常のOTC含有量（1回50mg程度）であれば妊婦・授乳婦ともに影響は少なく安全。ただし、コーヒー等からの過剰摂取（1日200〜300mg以上）には注意を促す。

【プロメタジンメチレンジサリチル酸塩】(妊娠: C / 授乳: 相談・注意（L3相当）)
第一世代抗ヒスタミン薬。授乳中は乳児の傾眠リスクがあるため注意。総合感冒薬（PL配合顆粒等）に含まれるため、他の成分の禁忌（サリチルアミド等）に準じて妊娠後期の使用は避ける。",【現場_代替薬提案】<br>パイロンPL錠Proは、解熱鎮痛成分（サリチルアミド、アセトアミノフェン）、カフェイン、抗ヒスタミン成分（プロメタジン）を配合した総合感冒薬です。特にプロメタジンによる強い鎮静作用があるため、服用後の運転・機械操作は厳重に禁止されます。また、妊婦、授乳婦、基礎疾患（緑内障、前立腺肥大、消化性潰瘍、肝・腎機能障害など）のある患者には適さない成分が含まれています。<br>・<b>妊婦・授乳婦</b>：アセトアミノフェン単剤（例: タイレノールA、ラックル速溶錠など）を第一選択として推奨します。カフェインやプロメタジン、サリチルアミドは避けるべきです。<br>・<b>運転者</b>：プロメタジンによる眠気のリスクがない、抗ヒスタミン成分を含まない解熱鎮痛薬（例: アセトアミノフェン単剤、イブプロフェン単剤など）を推奨します。<br>・<b>消化性潰瘍既往</b>：サリチルアミドが含まれるため、アセトアミノフェン単剤を推奨します。<br>・<b>緑内障・前立腺肥大</b>：プロメタジンが禁忌または注意成分であるため、抗ヒスタミン成分を含まない製剤を推奨します。<br>・<b>カフェイン過敏症・不眠傾向</b>：カフェインを含まない解熱鎮痛薬を推奨します。,【現場_服薬指導エビデンス】<br>・<b>妊婦・授乳婦</b>：<br> ・<b>サリチルアミド</b>：妊娠後期は胎児の動脈管早期閉鎖、肺高血圧症、腎機能障害のリスクがあるため『禁忌』です。妊娠初期・中期も可能な限り使用を避けるべきです。授乳中は乳汁移行の可能性があり、乳児への影響を考慮し『使用を避けるか、授乳を中止』するよう指導してください。<br> ・<b>アセトアミノフェン</b>：妊娠中・授乳中の解熱鎮痛薬として『第一選択薬』であり、成育L分類は『L1』です。ただし、長期連用や高用量摂取は避けるよう指導してください。<br> ・<b>無水カフェイン</b>：妊娠中は過剰摂取を避けるべきです。高用量で胎児の低出生体重児、流産リスクの可能性が指摘されることもあります。成育L分類は『L2』です。授乳中は乳汁移行し、乳児の興奮、不眠を引き起こす可能性があるため、『注意が必要』であり、摂取量を控えるよう指導してください。<br> ・<b>プロメタジンメチレンジサリチル酸塩</b>：妊娠後期に抗ヒスタミン薬の使用は、胎児の呼吸抑制や新生児の錐体外路症状などの報告があるため『避けるべき』です。成育L分類は『L3』です。授乳中は乳汁移行し、乳児の眠気、興奮、呼吸抑制の可能性があるため、『使用を避けるか、授乳を中止』するよう指導してください。<br>・<b>運転・操作</b>：<br> ・<b>サリチルアミド</b>：通常、運転・機械操作への影響は少ないとされています。<br> ・<b>アセトアミノフェン</b>：通常、運転・機械操作への影響は少ないとされています。<br> ・<b>無水カフェイン</b>：眠気覚まし効果がある一方で、過剰摂取は神経過敏や集中力低下を招く可能性があり、『注意が必要』です。<br> ・<b>プロメタジンメチレンジサリチル酸塩</b>：強い鎮静作用、眠気を引き起こすため、服用後の運転・機械操作は『厳重に禁止』です。患者には明確にその旨を伝えてください。<br>・<b>禁忌・受診勧奨</b>：<br> ・<b>サリチルアミド</b>：消化性潰瘍、重篤な血液疾患、肝・腎機能障害、アスピリン喘息の既往がある患者は『禁忌』です。これらの既往がある場合は受診を勧奨してください。<br> ・<b>アセトアミノフェン</b>：重篤な肝・腎機能障害、アスピリン喘息の既往がある患者は『禁忌』です。これらの既往がある場合は受診を勧奨してください。<br> ・<b>無水カフェイン</b>：心疾患、胃潰瘍、緑内障、不眠症、不安障害のある患者は『注意が必要』です。症状の悪化や副作用のリスクがあるため、医師への相談を勧奨してください。<br> ・<b>プロメタジンメチレンジサリチル酸塩</b>：閉塞隅角緑内障、前立腺肥大症等による尿路閉塞、喘息発作時、重篤な肝・腎機能障害のある患者は『禁忌』です。これらの既往がある場合は受診を勧奨してください。<br>・<b>相互作用</b>：<br> ・<b>サリチルアミド</b>：抗凝固薬（ワルファリン等）との併用で出血リスクが増大します。メトトレキサートの血中濃度を上昇させる可能性があります。スルホニル尿素系血糖降下薬の作用を増強する可能性があります。利尿薬（ループ利尿薬、サイアザイド系利尿薬）の作用を減弱させる可能性があります。アルコールとの併用で消化管出血リスクが増大します。<br> ・<b>アセトアミノフェン</b>：アルコールとの併用で肝障害リスクが著しく増大します。ワルファリンの作用を増強する可能性があります。一部の抗てんかん薬（フェニトイン、カルバマゼピン等）は肝酵素誘導により肝毒性リスクが増大する可能性があります。<br> ・<b>無水カフェイン</b>：他の中枢神経刺激薬との併用で作用が増強します。MAO阻害薬との併用で高血圧クリーゼのリスクがあります。一部の抗菌薬（シプロフロキサシン、エノキサシン等）はカフェインの代謝を阻害し、作用が増強する可能性があります。アルコールと併用すると覚醒効果により飲酒量が増える可能性があります。<br> ・<b>プロメタジンメチレンジサリチル酸塩</b>：中枢神経抑制薬（アルコール、睡眠薬、抗不安薬、麻酔薬等）との併用で鎮静作用が著しく増強されます。抗コリン作用を有する薬剤（三環系抗うつ薬、一部の抗精神病薬、MAO阻害薬等）との併用で抗コリン作用が増強されます。<br>・<b>濫用・MOH</b>：<br> ・<b>サリチルアミド</b>：NSAID乱用頭痛のリスクがあります。<br> ・<b>アセトアミノフェン</b>：薬剤乱用頭痛（MOH）のリスクがあります。<br> ・<b>無水カフェイン</b>：カフェイン依存性頭痛、離脱症状、薬剤乱用頭痛の一因となることがあります。中枢神経刺激作用により、アッパー系成分として認識される場合があります。<br> ・<b>プロメタジンメチレンジサリチル酸塩</b>：強い鎮静作用による依存性、乱用リスクがあります。中枢神経抑制作用により、ダウナー系成分として認識される場合があります。<br>・<b>ドーピング・毒性</b>：<br> ・<b>サリチルアミド</b>：WADA（世界アンチ・ドーピング機構）の禁止リストには該当しません。<br> ・<b>アセトアミノフェン</b>：WADAの禁止リストには該当しません。中毒量：成人で1日4000mg超、単回7500mg超で肝障害リスクが増大します。致死量：単回10-15g以上とされるが、個人差が大きいです。『Poisindex』『Lexicomp』参照。<br> ・<b>無水カフェイン</b>：WADAの監視プログラム対象ではありますが、競技会での禁止物質ではありません。高用量摂取で心臓への影響があります。中毒量：個人差が大きいですが、単回1g以上で中毒症状、数gで致死的な可能性があります。『Poisindex』『Lexicomp』参照。<br> ・<b>プロメタジンメチレンジサリチル酸塩</b>：WADAの禁止リストには該当しません。,"{""成分マトリックス"":[{""成分名"":""サリチルアミド"",""妊婦・授乳婦"":{""判定"":""✕"",""備考"":""(妊娠: C / 授乳: 相談・注意（L3相当）) サリチル酸系に属するため、妊娠後期（28週以降）の使用は胎児リスク（動脈管早期閉鎖等）となり禁忌。授乳中もアセトアミノフェン単剤への切り替えを推奨。""},""運転・操作"":{""判定"":""ー"",""備考"":""通常、運転・機械操作への影響は少ないとされています。""},""禁忌・受診勧奨"":{""判定"":""✕"",""備考"":""消化性潰瘍、重篤な血液疾患、肝・腎機能障害、アスピリン喘息の既往がある患者は『禁忌』です。これらの既往がある場合は受診を勧奨してください。""},""相互作用"":{""判定"":""△"",""備考"":""抗凝固薬（ワルファリン等）との併用で出血リスクが増大します。メトトレキサートの血中濃度を上昇させる可能性があります。スルホニル尿素系血糖降下薬の作用を増強する可能性があります。利尿薬（ループ利尿薬、サイアザイド系利尿薬）の作用を減弱させる可能性があります。アルコールとの併用で消化管出血リスクが増大します。""},""濫用・MOH"":{""判定"":""△"",""備考"":""NSAID乱用頭痛のリスクがあります。""},""ドーピング・毒性"":{""判定"":""ー"",""備考"":""WADA（世界アンチ・ドーピング機構）の禁止リストには該当しません。""}},{""成分名"":""アセトアミノフェン"",""妊婦・授乳婦"":{""判定"":""〇"",""備考"":""(妊娠: A / 授乳: 安全（L1相当）) 妊娠全期間・授乳中を通じて第一選択となる解熱鎮痛成分。通常のOTC用量であれば母子ともに安全性が極めて高い。""},""運転・操作"":{""判定"":""ー"",""備考"":""通常、運転・機械操作への影響は少ないとされています。""},""禁忌・受診勧奨"":{""判定"":""✕"",""備考"":""重篤な肝・腎機能障害、アスピリン喘息の既往がある患者は『禁忌』です。これらの既往がある場合は受診を勧奨してください。""},""相互作用"":{""判定"":""△"",""備考"":""アルコールとの併用で肝障害リスクが著しく増大します。ワルファリンの作用を増強する可能性があります。一部の抗てんかん薬（フェニトイン、カルバマゼピン等）は肝酵素誘導により肝毒性リスクが増大する可能性があります。""},""濫用・MOH"":{""判定"":""△"",""備考"":""薬剤乱用頭痛（MOH）のリスクがあります。""},""ドーピング・毒性"":{""判定"":""△"",""備考"":""WADAの禁止リストには該当しません。中毒量：成人で1日4000mg超、単回7500mg超で肝障害リスクが増大します。致死量：単回10-15g以上とされるが、個人差が大きいです。『Poisindex』『Lexicomp』参照。""}},{""成分名"":""無水カフェイン"",""妊婦・授乳婦"":{""判定"":""〇"",""備考"":""(妊娠: A相当 / 授乳: 安全（L2相当）) 通常のOTC含有量（1回50mg程度）であれば妊婦・授乳婦ともに影響は少なく安全。ただし、コーヒー等からの過剰摂取（1日200〜300mg以上）には注意を促す。""},""運転・操作"":{""判定"":""△"",""備考"":""眠気覚まし効果がある一方で、過剰摂取は神経過敏や集中力低下を招く可能性があり、『注意が必要』です。""},""禁忌・受診勧奨"":{""判定"":""△"",""備考"":""心疾患、胃潰瘍、緑内障、不眠症、不安障害のある患者は『注意が必要』です。症状の悪化や副作用のリスクがあるため、医師への相談を勧奨してください。""},""相互作用"":{""判定"":""△"",""備考"":""他の中枢神経刺激薬との併用で作用が増強します。MAO阻害薬との併用で高血圧クリーゼのリスクがあります。一部の抗菌薬（シプロフロキサシン、エノキサシン等）はカフェインの代謝を阻害し、作用が増強する可能性があります。アルコールと併用すると覚醒効果により飲酒量が増える可能性があります。""},""濫用・MOH"":{""判定"":""△"",""備考"":""カフェイン依存性頭痛、離脱症状、薬剤乱用頭痛の一因となることがあります。中枢神経刺激作用により、アッパー系成分として認識される場合があります。""},""ドーピング・毒性"":{""判定"":""〇"",""備考"":""WADAの監視プログラム対象ではありますが、競技会での禁止物質ではありません。高用量摂取で心臓への影響があります。中毒量：個人差が大きいですが、単回1g以上で中毒症状、数gで致死的な可能性があります。『Poisindex』『Lexicomp』参照。""}},{""成分名"":""プロメタジンメチレンジサリチル酸塩"",""妊婦・授乳婦"":{""判定"":""✕"",""備考"":""(妊娠: C / 授乳: 相談・注意（L3相当）) 第一世代抗ヒスタミン薬。授乳中は乳児の傾眠リスクがあるため注意。総合感冒薬（PL配合顆粒等）に含まれるため、他の成分の禁忌（サリチルアミド等）に準じて妊娠後期の使用は避ける。""},""運転・操作"":{""判定"":""ー"",""備考"":""強い鎮静作用、眠気を引き起こすため、服用後の運転・機械操作は『厳重に禁止』です。患者には明確にその旨を伝えてください。""},""禁忌・受診勧奨"":{""判定"":""✕"",""備考"":""閉塞隅角緑内障、前立腺肥大症等による尿路閉塞、喘息発作時、重篤な肝・腎機能障害のある患者は『禁忌』です。これらの既往がある場合は受診を勧奨してください。""},""相互作用"":{""判定"":""ー"",""備考"":""中枢神経抑制薬（アルコール、睡眠薬、抗不安薬、麻酔薬等）との併用で鎮静作用が著しく増強されます。抗コリン作用を有する薬剤（三環系抗うつ薬、一部の抗精神病薬、MAO阻害薬等）との併用で抗コリン作用が増強されます。""},""濫用・MOH"":{""判定"":""△"",""備考"":""強い鎮静作用による依存性、乱用リスクがあります。中枢神経抑制作用により、ダウナー系成分として認識される場合があります。""},""ドーピング・毒性"":{""判定"":""ー"",""備考"":""WADAの禁止リストには該当しません。""}}]}"
2026/07/02 0:40:59,3,15才未満の小児,妊婦または妊娠していると思われる人は相談すること。授乳中は服用可能だが、念のため医師に相談すること。,-,"{""basis"":""3包中"",""ingredients"":[{""name"":""サリチルアミド"",""id"":""D01811"",""amount"":648,""unit"":""mg""},{""name"":""アセトアミノフェン"",""id"":""D00217"",""amount"":360,""unit"":""mg""},{""name"":""無水カフェイン"",""id"":""D00528"",""amount"":144,""unit"":""mg""},{""name"":""プロメタジンメチレンジサリチル酸塩"",""id"":""D03290"",""amount"":32.4,""unit"":""mg""}]}","{""adult_dose"":""1包×3回"",""daily_dose"":3,""prohibited_age"":""15才未満の小児""}","{""driving_warning"":""運転禁止"",""pregnancy_warning"":""妊婦または妊娠していると思われる人は相談すること。授乳中は服用可能だが、念のため医師に相談すること。"",""drug_category"":""かぜ薬"",""category_limit"":7,""packages"":[]}",パイロンPL顆粒は、解熱鎮痛成分サリチルアミドとアセトアミノフェン、抗ヒスタミン成分プロメタジンメチレンジサリチル酸塩、痛みをおさえるはたらきを助ける無水カフェインの4つの有効成分が作用し、「のどの痛み」「発熱」「鼻みず」などかぜの諸症状にすぐれた効果を発揮する非ピリン系かぜ薬です。,パイロンPL顆粒,対象外,-,"【⚠️レッドフラッグあり：現場確認必須】

【サリチルアミド】(妊娠: C / 授乳: 相談・注意（L3相当）)
サリチル酸系に属するため、妊娠後期（28週以降）の使用は胎児リスク（動脈管早期閉鎖等）となり禁忌。授乳中もアセトアミノフェン単剤への切り替えを推奨。

【アセトアミノフェン】(妊娠: A / 授乳: 安全（L1相当）)
妊娠全期間・授乳中を通じて第一選択となる解熱鎮痛成分。通常のOTC用量であれば母子ともに安全性が極めて高い。

【無水カフェイン】(妊娠: A相当 / 授乳: 安全（L2相当）)
通常のOTC含有量（1回50mg程度）であれば妊婦・授乳婦ともに影響は少なく安全。ただし、コーヒー等からの過剰摂取（1日200〜300mg以上）には注意を促す。

【プロメタジンメチレンジサリチル酸塩】(妊娠: C / 授乳: 相談・注意（L3相当）)
第一世代抗ヒスタミン薬。授乳中は乳児の傾眠リスクがあるため注意。総合感冒薬（PL配合顆粒等）に含まれるため、他の成分の禁忌（サリチルアミド等）に準じて妊娠後期の使用は避ける。",【現場_代替薬提案】<br>本製品はサリチルアミド、アセトアミノフェン、無水カフェイン、プロメタジンメチレンジサリチル酸塩を含む複合製剤であり、特にプロメタジンによる強い鎮静作用があるため、運転・機械操作を行う方には不適です。また、妊婦・授乳婦の方、緑内障、前立腺肥大症、肝・腎機能障害、アスピリン喘息の既往がある方には使用できません。<br>・<b>運転・機械操作を行う方</b>：眠気の出にくいアセトアミノフェン単剤（例：タイレノールA）や、非鎮静性抗ヒスタミン成分を配合した総合感冒薬（ただし、眠気以外の副作用も考慮）を検討してください。<br>・<b>妊婦・授乳婦の方</b>：解熱鎮痛目的であれば、妊娠中の第一選択薬であるアセトアミノフェン単剤（例：タイレノールA）を推奨します。ただし、自己判断での長期連用は避けるよう指導し、必ず医師・薬剤師に相談するよう促してください。授乳婦についても、アセトアミノフェン単剤が比較的安全とされていますが、乳児の状態を観察するよう指導してください。<br>・<b>基礎疾患がある方（特に肝・腎機能障害、緑内障、前立腺肥大症、アスピリン喘息）</b>：該当する基礎疾患がある場合は、本製品は禁忌または慎重投与となる成分を含むため、使用を避けてください。症状に応じて、医師の診察を強く勧奨し、適切な処方薬の検討を促してください。<br>・<b>カフェインによる興奮や不眠を避けたい方</b>：カフェインを含まない解熱鎮痛剤や総合感冒薬を検討してください。,【現場_服薬指導エビデンス】<br>・<b>妊婦・授乳婦</b>：<br> ・<b>サリチルアミド</b>：サリチル酸系に属し、妊娠後期（特に妊娠28週以降）の服用は胎児の動脈管収縮、閉鎖、肺高血圧、羊水過少、分娩遅延、出血傾向などのリスクがあるため禁忌です。妊娠初期・中期についても、動物実験で催奇形性が報告されているため、避けるべきです。授乳婦では乳汁中に移行し、乳児に影響を与える可能性があるため、授乳を避けるか、服用を中止するべきです。<br> ・<b>アセトアミノフェン</b>：妊娠中の解熱鎮痛剤の第一選択薬の一つとされており、成育医療センターの評価では『L1』に分類されています。ただし、長期・大量使用は避けるべきです。授乳婦においても比較的安全とされており、乳汁移行は少量ですが、乳児の状態（傾眠、哺乳力低下など）を観察するよう指導してください。<br> ・<b>無水カフェイン</b>：妊娠中は過剰摂取を避けるべきとされており、高用量摂取は流産や低出生体重児のリスクと関連する可能性が指摘されています。授乳中は乳汁に移行し、乳児が興奮、不眠、過敏になる可能性があるため、摂取を控えるか、服用を避けるべきです。<br> ・<b>プロメタジンメチレンジサリチル酸塩</b>：抗ヒスタミン薬であり、妊娠後期（特に妊娠末期）の服用は新生児に錐体外路症状、鎮静、呼吸抑制などの影響を与える可能性があるため、避けるべきです。授乳婦では乳汁に移行し、乳児に鎮静作用や呼吸抑制、抗コリン作用（哺乳力低下など）を引き起こす可能性があるため、授乳を避けるか、服用を中止するべきです。<br> ・<b>総合</b>：本製品は妊娠中・授乳中に避けるべき成分を複数含むため、妊婦・授乳婦への使用は禁忌です。<br>・<b>運転・操作</b>：<br> ・<b>プロメタジンメチレンジサリチル酸塩</b>：強い鎮静作用、眠気、集中力低下、判断力低下、抗コリン作用による視調節障害（目のかすみなど）を引き起こす可能性があります。服用中は自動車の運転や機械の操作は絶対に避けてください。<br> ・<b>サリチルアミド、アセトアミノフェン、無水カフェイン</b>：通常用量では直接的な運転への影響は少ないとされますが、総合感冒薬としての体調不良や、プロメタジンの影響が支配的であるため、運転・機械操作は避けるべきです。<br> ・<b>総合</b>：本製品に含まれるプロメタジンの影響により、服用中の運転・機械操作は厳禁です。<br>・<b>禁忌・受診勧奨</b>：<br> ・<b>サリチルアミド</b>：アスピリン喘息またはその既往歴のある患者、消化性潰瘍のある患者、重篤な血液疾患、肝・腎機能障害のある患者、インフルエンザ・水痘の患者（ライ症候群のリスク）には禁忌です。出血傾向のある患者、心機能障害のある患者、高齢者には慎重投与が必要です。<br> ・<b>アセトアミノフェン</b>：重篤な肝・腎機能障害のある患者には禁忌です。アセトアミノフェン過敏症の既往歴のある患者にも禁忌です。アルコールを常用する患者は肝障害のリスクが高まるため慎重投与です。<br> ・<b>無水カフェイン</b>：心疾患（不整脈、狭心症など）のある患者、胃潰瘍の患者、不眠症の患者には慎重投与です。<br> ・<b>プロメタジンメチレンジサリチル酸塩</b>：緑内障、前立腺肥大症など尿路閉塞性疾患のある患者、てんかんの患者、喘息発作時、乳児（乳児突然死症候群のリスク）には禁忌です。心疾患、肝・腎機能障害のある患者、高齢者には慎重投与が必要です。<br> ・<b>総合</b>：上記に該当する基礎疾患がある場合は、使用を避け、速やかに医師の診察を受けるよう勧奨してください。<br>・<b>相互作用</b>：<br> ・<b>サリチルアミド</b>：抗凝固薬（ワルファリンなど）との併用で出血リスクが増大する可能性があります。糖尿病治療薬との併用で血糖降下作用を増強する可能性があります。他のNSAIDs、メトトレキサート、ステロイドとの併用にも注意が必要です。<br> ・<b>アセトアミノフェン</b>：アルコールとの併用で肝障害のリスクが著しく増大します。ワルファリンとの併用で抗凝固作用を増強する可能性があります。イソニアジド、カルバマゼピン、フェニトインなどのCYP酵素誘導剤との併用で肝毒性が増強される可能性があります。<br> ・<b>無水カフェイン</b>：他のカフェイン含有製剤（総合感冒薬、鎮痛剤、眠気防止薬、エナジードリンクなど）との併用でカフェイン過剰摂取による副作用（興奮、不眠、頻脈など）のリスクが高まります。アルコールとの併用でカフェインの覚醒作用によりアルコールによる鎮静作用がマスクされ、過剰摂取につながる可能性があります。MAO阻害薬、シメチジン、経口避妊薬、キノロン系抗菌薬との併用でカフェインの代謝が遅延し、作用が増強される可能性があります。<br> ・<b>プロメタジンメチレンジサリチル酸塩</b>：中枢神経抑制作用を有する薬剤（アルコール、鎮静剤、睡眠薬、抗不安薬、抗うつ薬など）との併用で、中枢神経抑制作用が相互に増強され、過度の眠気、呼吸抑制などを引き起こす可能性があります。抗コリン作用を有する薬剤（三環系抗うつ薬、MAO阻害薬、抗パーキンソン病薬など）との併用で、抗コリン作用（口渇、便秘、排尿困難など）が相互に増強される可能性があります。アドレナリンとの併用で血圧降下作用を増強する可能性があります。<br> ・<b>アルコール</b>：本製品に含まれる全成分（特にアセトアミノフェンとプロメタジン）との併用は、肝障害リスクの増大や中枢神経抑制作用の増強を招くため、服用中はアルコールの摂取を避けるよう指導してください。<br>・<b>濫用・MOH</b>：<br> ・<b>サリチルアミド、アセトアミノフェン</b>：鎮痛成分の過量摂取や長期連用は、薬剤乱用頭痛（MOH: Medication Overuse Headache）の原因となる可能性があります。頭痛が頻繁に起こる場合は、自己判断での増量や連用を避け、医師の診察を受けるよう指導してください。<br> ・<b>無水カフェイン</b>：精神的依存および身体的依存の可能性があります。連用により耐性が形成され、離脱症状（頭痛、倦怠感、集中力低下など）が生じることがあります。過量摂取により興奮、不眠、頻脈、不安などの症状を引き起こす可能性があります。<br> ・<b>プロメタジンメチレンジサリチル酸塩</b>：鎮静作用があるため、乱用目的で単独使用されるリスクは低いですが、中枢神経抑制作用を増強する目的で他の中枢神経作用薬と併用される可能性は考慮すべきです。<br> ・<b>総合</b>：カフェインによる依存性、鎮痛成分による薬剤乱用頭痛のリスクがあるため、用法・用量を厳守し、漫然とした連用を避けるよう指導してください。アッパー/ダウナー分類としては、カフェインがアッパー系、プロメタジンがダウナー系に該当します。<br>・<b>ドーピング・毒性</b>：<br> ・<b>ドーピング</b>：<br>  ・<b>サリチルアミド、アセトアミノフェン、プロメタジンメチレンジサリチル酸塩</b>：世界アンチ・ドーピング機構（WADA）の禁止リストには掲載されていません。<br>  ・<b>無水カフェイン</b>：WADAの監視プログラム対象物質ですが、禁止物質ではありません。ただし、高濃度で検出された場合、乱用が疑われる可能性があります。<br> ・<b>毒性</b>：<br>  ・<b>サリチルアミド</b>：過量摂取により、サリチル酸中毒と同様の症状（耳鳴、難聴、吐き気、嘔吐、腹痛、過呼吸、アシドーシス、意識障害など）を引き起こす可能性があります。<br>  ・<b>アセトアミノフェン</b>：成人での急性中毒量目安は1回10-15g以上、または1日4g超の連用で肝毒性が懸念されます。重篤な肝障害、腎障害を引き起こす可能性があります。<br>  ・<b>無水カフェイン</b>：成人での急性中毒量目安は1g以上で、興奮、不眠、頻脈、不整脈、痙攣、呼吸不全などを引き起こす可能性があります。致死量目安は5-10gとされています。<br>  ・<b>プロメタジンメチレンジサリチル酸塩</b>：過量摂取により、強い鎮静、意識障害、呼吸抑制、循環器系への影響（低血圧、頻脈）、錐体外路症状、痙攣、抗コリン作用（散瞳、口渇、尿閉など）を引き起こす可能性があります。<br>  ・<b>全成分共通</b>：【要確認】中毒量・致死量等の詳細はPoisindex等の一次資料を参照し、具体的な数値が必要な場合はその出典を明記してください。,"{""成分マトリックス"":[{""成分名"":""サリチルアミド"",""妊婦・授乳婦"":{""判定"":""✕"",""備考"":""(妊娠: C / 授乳: 相談・注意（L3相当）) サリチル酸系に属するため、妊娠後期（28週以降）の使用は胎児リスク（動脈管早期閉鎖等）となり禁忌。授乳中もアセトアミノフェン単剤への切り替えを推奨。""},""禁忌・受診勧奨"":{""判定"":""✕"",""備考"":""アスピリン喘息またはその既往歴のある患者、消化性潰瘍のある患者、重篤な血液疾患、肝・腎機能障害のある患者、インフルエンザ・水痘の患者（ライ症候群のリスク）には禁忌です。出血傾向のある患者、心機能障害のある患者、高齢者には慎重投与が必要です。""},""相互作用"":{""判定"":""△"",""備考"":""抗凝固薬（ワルファリンなど）との併用で出血リスクが増大する可能性があります。糖尿病治療薬との併用で血糖降下作用を増強する可能性があります。他のNSAIDs、メトトレキサート、ステロイドとの併用にも注意が必要です。""},""ドーピング・毒性"":{""判定"":""ー"",""備考"":""過量摂取により、サリチル酸中毒と同様の症状（耳鳴、難聴、吐き気、嘔吐、腹痛、過呼吸、アシドーシス、意識障害など）を引き起こす可能性があります。""}},{""成分名"":""アセトアミノフェン"",""妊婦・授乳婦"":{""判定"":""〇"",""備考"":""(妊娠: A / 授乳: 安全（L1相当）) 妊娠全期間・授乳中を通じて第一選択となる解熱鎮痛成分。通常のOTC用量であれば母子ともに安全性が極めて高い。""},""禁忌・受診勧奨"":{""判定"":""✕"",""備考"":""重篤な肝・腎機能障害のある患者には禁忌です。アセトアミノフェン過敏症の既往歴のある患者にも禁忌です。アルコールを常用する患者は肝障害のリスクが高まるため慎重投与です。""},""相互作用"":{""判定"":""△"",""備考"":""アルコールとの併用で肝障害のリスクが著しく増大します。ワルファリンとの併用で抗凝固作用を増強する可能性があります。イソニアジド、カルバマゼピン、フェニトインなどのCYP酵素誘導剤との併用で肝毒性が増強される可能性があります。""},""ドーピング・毒性"":{""判定"":""△"",""備考"":""成人での急性中毒量目安は1回10-15g以上、または1日4g超の連用で肝毒性が懸念されます。重篤な肝障害、腎障害を引き起こす可能性があります。""}},{""成分名"":""無水カフェイン"",""妊婦・授乳婦"":{""判定"":""〇"",""備考"":""(妊娠: A相当 / 授乳: 安全（L2相当）) 通常のOTC含有量（1回50mg程度）であれば妊婦・授乳婦ともに影響は少なく安全。ただし、コーヒー等からの過剰摂取（1日200〜300mg以上）には注意を促す。""},""禁忌・受診勧奨"":{""判定"":""△"",""備考"":""心疾患（不整脈、狭心症など）のある患者、胃潰瘍の患者、不眠症の患者には慎重投与です。""},""相互作用"":{""判定"":""△"",""備考"":""他のカフェイン含有製剤（総合感冒薬、鎮痛剤、眠気防止薬、エナジードリンクなど）との併用でカフェイン過剰摂取による副作用（興奮、不眠、頻脈など）のリスクが高まります。アルコールとの併用でカフェインの覚醒作用によりアルコールによる鎮静作用がマスクされ、過剰摂取につながる可能性があります。MAO阻害薬、シメチジン、経口避妊薬、キノロン系抗菌薬との併用でカフェインの代謝が遅延し、作用が増強される可能性があります。""},""濫用・MOH"":{""判定"":""△"",""備考"":""精神的依存および身体的依存の可能性があります。連用により耐性が形成され、離脱症状（頭痛、倦怠感、集中力低下など）が生じることがあります。過量摂取により興奮、不眠、頻脈、不安などの症状を引き起こす可能性があります。""},""ドーピング・毒性"":{""判定"":""ー"",""備考"":""成人での急性中毒量目安は1g以上で、興奮、不眠、頻脈、不整脈、痙攣、呼吸不全などを引き起こす可能性があります。致死量目安は5-10gとされています。""}},{""成分名"":""プロメタジンメチレンジサリチル酸塩"",""妊婦・授乳婦"":{""判定"":""✕"",""備考"":""(妊娠: C / 授乳: 相談・注意（L3相当）) 第一世代抗ヒスタミン薬。授乳中は乳児の傾眠リスクがあるため注意。総合感冒薬（PL配合顆粒等）に含まれるため、他の成分の禁忌（サリチルアミド等）に準じて妊娠後期の使用は避ける。""},""運転・操作"":{""判定"":""✕"",""備考"":""強い鎮静作用、眠気、集中力低下、判断力低下、抗コリン作用による視調節障害（目のかすみなど）を引き起こす可能性があります。服用中は自動車の運転や機械の操作は絶対に避けてください。""},""禁忌・受診勧奨"":{""判定"":""✕"",""備考"":""緑内障、前立腺肥大症など尿路閉塞性疾患のある患者、てんかんの患者、喘息発作時、乳児（乳児突然死症候群のリスク）には禁忌です。心疾患、肝・腎機能障害のある患者、高齢者には慎重投与が必要です。""},""相互作用"":{""判定"":""ー"",""備考"":""中枢神経抑制作用を有する薬剤（アルコール、鎮静剤、睡眠薬、抗不安薬、抗うつ薬など）との併用で、中枢神経抑制作用が相互に増強され、過度の眠気、呼吸抑制などを引き起こす可能性があります。抗コリン作用を有する薬剤（三環系抗うつ薬、MAO阻害薬、抗パーキンソン病薬など）との併用で、抗コリン作用（口渇、便秘、排尿困難など）が相互に増強される可能性があります。アドレナリンとの併用で血圧降下作用を増強する可能性があります。""},""濫用・MOH"":{""判定"":""△"",""備考"":""鎮静作用があるため、乱用目的で単独使用されるリスクは低いですが、中枢神経抑制作用を増強する目的で他の中枢神経作用薬と併用される可能性は考慮すべきです。""},""ドーピング・毒性"":{""判定"":""ー"",""備考"":""過量摂取により、強い鎮静、意識障害、呼吸抑制、循環器系への影響（低血圧、頻脈）、錐体外路症状、痙攣、抗コリン作用（散瞳、口渇、尿閉など）を引き起こす可能性があります。""}},{""成分名"":""総合"",""妊婦・授乳婦"":{""判定"":""✕"",""備考"":""本製品は妊娠中・授乳中に避けるべき成分を複数含むため、妊婦・授乳婦への使用は禁忌です。""},""運転・操作"":{""判定"":""ー"",""備考"":""本製品に含まれるプロメタジンの影響により、服用中の運転・機械操作は厳禁です。""},""禁忌・受診勧奨"":{""判定"":""ー"",""備考"":""上記に該当する基礎疾患がある場合は、使用を避け、速やかに医師の診察を受けるよう勧奨してください。""},""濫用・MOH"":{""判定"":""△"",""備考"":""カフェインによる依存性、鎮痛成分による薬剤乱用頭痛のリスクがあるため、用法・用量を厳守し、漫然とした連用を避けるよう指導してください。アッパー/ダウナー分類としては、カフェインがアッパー系、プロメタジンがダウナー系に該当します。""}},{""成分名"":""サリチルアミド、アセトアミノフェン、無水カフェイン"",""運転・操作"":{""判定"":""ー"",""備考"":""通常用量では直接的な運転への影響は少ないとされますが、総合感冒薬としての体調不良や、プロメタジンの影響が支配的であるため、運転・機械操作は避けるべきです。""}},{""成分名"":""アルコール"",""相互作用"":{""判定"":""△"",""備考"":""本製品に含まれる全成分（特にアセトアミノフェンとプロメタジン）との併用は、肝障害リスクの増大や中枢神経抑制作用の増強を招くため、服用中はアルコールの摂取を避けるよう指導してください。""}},{""成分名"":""サリチルアミド、アセトアミノフェン"",""濫用・MOH"":{""判定"":""△"",""備考"":""鎮痛成分の過量摂取や長期連用は、薬剤乱用頭痛（MOH: Medication Overuse Headache）の原因となる可能性があります。頭痛が頻繁に起こる場合は、自己判断での増量や連用を避け、医師の診察を受けるよう指導してください。""}},{""成分名"":""ドーピング"",""ドーピング・毒性"":{""判定"":""ー"",""備考"":""""}},{""成分名"":""サリチルアミド、アセトアミノフェン、プロメタジンメチレンジサリチル酸塩"",""ドーピング・毒性"":{""判定"":""ー"",""備考"":""世界アンチ・ドーピング機構（WADA）の禁止リストには掲載されていません。""}},{""成分名"":""毒性"",""ドーピング・毒性"":{""判定"":""ー"",""備考"":""""}},{""成分名"":""全成分共通"",""ドーピング・毒性"":{""判定"":""ー"",""備考"":""【要確認】中毒量・致死量等の詳細はPoisindex等の一次資料を参照し、具体的な数値が必要な場合はその出典を明記してください。""}}]}"
2026/07/02 0:55:39,4,15才未満の小児,授乳中の人、妊婦または妊娠していると思われる人は服用前に相談すること,-,"{""basis"":""4包(4g)中"",""ingredients"":[{""name"":""サリチルアミド"",""id"":""D01811"",""amount"":1080,""unit"":""mg""},{""name"":""アセトアミノフェン"",""id"":""D00217"",""amount"":600,""unit"":""mg""},{""name"":""無水カフェイン"",""id"":""D00528"",""amount"":240,""unit"":""mg""},{""name"":""プロメタジンメチレンジサリチル酸塩"",""id"":""D03290"",""amount"":54,""unit"":""mg""}]}","{""adult_dose"":""1包×4回"",""daily_dose"":4,""prohibited_age"":""15才未満の小児""}","{""driving_warning"":""運転禁止"",""pregnancy_warning"":""授乳中の人、妊婦または妊娠していると思われる人は服用前に相談すること"",""drug_category"":""かぜ薬"",""category_limit"":7,""packages"":[]}",パイロンPL顆粒Proは、解熱鎮痛成分であるサリチルアミドとアセトアミノフェン、抗ヒスタミン成分であるプロメタジンメチレンジサリチル酸塩、痛みをおさえるはたらきを助ける無水カフェインの4つの有効成分の作用により、「のどの痛み」「発熱」「鼻みず」などのかぜの諸症状にすぐれた効果を発揮する非ピリン系のかぜ薬です。,パイロンPL顆粒Pro,対象外,-,"【⚠️レッドフラッグあり：現場確認必須】

【サリチルアミド】(妊娠: C / 授乳: 相談・注意（L3相当）)
サリチル酸系に属するため、妊娠後期（28週以降）の使用は胎児リスク（動脈管早期閉鎖等）となり禁忌。授乳中もアセトアミノフェン単剤への切り替えを推奨。

【アセトアミノフェン】(妊娠: A / 授乳: 安全（L1相当）)
妊娠全期間・授乳中を通じて第一選択となる解熱鎮痛成分。通常のOTC用量であれば母子ともに安全性が極めて高い。

【無水カフェイン】(妊娠: A相当 / 授乳: 安全（L2相当）)
通常のOTC含有量（1回50mg程度）であれば妊婦・授乳婦ともに影響は少なく安全。ただし、コーヒー等からの過剰摂取（1日200〜300mg以上）には注意を促す。

【プロメタジンメチレンジサリチル酸塩】(妊娠: C / 授乳: 相談・注意（L3相当）)
第一世代抗ヒスタミン薬。授乳中は乳児の傾眠リスクがあるため注意。総合感冒薬（PL配合顆粒等）に含まれるため、他の成分の禁忌（サリチルアミド等）に準じて妊娠後期の使用は避ける。",【現場_代替薬提案】<br>パイロンPL顆粒Proは、複数の解熱鎮痛成分（サリチルアミド、アセトアミノフェン）、鎮静性抗ヒスタミン薬（プロメタジン）、カフェインを配合しているため、総合的な風邪症状（発熱、頭痛、鼻水、くしゃみなど）に効果が期待できます。しかし、プロメタジンによる強い眠気や、妊婦・授乳婦へのリスク、小児への使用制限など、注意すべき点が多くあります。<br>・発熱・頭痛が主症状で、眠気を避けたい場合や、妊婦・授乳婦には、アセトアミノフェン単剤（例：タイレノールA）を第一選択として推奨します。<br>・鼻水・くしゃみ等のアレルギー症状が主であれば、眠気の少ない非鎮静性抗ヒスタミン薬（例：アレグラFX、クラリチンEX）を推奨します。<br>・運転や機械操作を行う可能性のある方、基礎疾患（緑内障、前立腺肥大、心疾患など）がある方、妊娠中・授乳中の方には、本剤の服用は避けていただき、より安全性の高い単一成分製剤や、医師・薬剤師への相談を促してください。,"【現場_服薬指導エビデンス】<br>・<b>妊婦・授乳婦</b>：<br> ・<b>サリチルアミド</b>：妊娠後期（28週以降）は胎児の動脈管収縮・閉鎖、新生児の肺高血圧症、腎機能障害、乏尿、羊水過少症のリスクがあるため『禁忌』です。妊娠初期・中期も可能な限り避けるべきです。授乳婦も乳汁移行の報告があり、新生児への影響を考慮し『避けるべき』です。<br> ・<b>アセトアミノフェン</b>：妊娠中の解熱鎮痛薬として『第一選択薬の一つ』とされており、成育医療センターの評価では『L1』とされています。授乳婦も乳汁移行はごく少量であり、『比較的安全』とされています。<br> ・<b>無水カフェイン</b>：妊娠中は胎盤を通過し、胎児のカフェイン代謝能力が低いため、過剰摂取は『流産、低出生体重児のリスク』を高める可能性があります。摂取量を『1日200mg以下』に制限することが推奨されます。授乳婦も乳汁移行し、乳児の『不眠、興奮』を引き起こす可能性があるため、摂取量に注意が必要です。<br> ・<b>プロメタジンメチレンジサリチル酸塩</b>：妊娠後期に服用すると『新生児に錐体外路症状、呼吸抑制』などを引き起こすリスクがあるため『禁忌』です。妊娠初期・中期も可能な限り避けるべきです。授乳婦も乳汁移行し、乳児の『鎮静、呼吸抑制、SIDS（乳幼児突然死症候群）のリスク』を高める可能性があるため『避けるべき』です。<br> ・<b>総合</b>：本剤はサリチルアミドとプロメタジンメチレンジサリチル酸塩を含むため、『妊婦・授乳婦には原則禁忌または避けるべき』であり、服用は推奨されません。<br>・<b>運転・操作</b>：<br> ・<b>サリチルアミド</b>：通常の用量では眠気を催すことは稀です。<br> ・<b>アセトアミノフェン</b>：通常の用量では眠気を催すことは稀です。<br> ・<b>無水カフェイン</b>：眠気覚まし効果がある一方で、過剰摂取は神経過敏や集中力低下を招く可能性があります。<br> ・<b>プロメタジンメチレンジサリチル酸塩</b>：『強い鎮静作用と抗コリン作用』により、眠気、めまい、集中力低下、視調節障害などを引き起こすため、『服用中の運転・機械操作は厳禁』です。<br> ・<b>総合</b>：プロメタジンメチレンジサリチル酸塩の作用により、『服用後の運転・機械操作は絶対に行わないよう、患者に明確に指導』してください。<br>・<b>禁忌・受診勧奨</b>：<br> ・<b>サリチルアミド</b>：『消化性潰瘍』、重篤な『血液異常』、重篤な『肝・腎機能障害』のある患者、または『アスピリン喘息』の既往歴のある患者には禁忌です。『妊娠後期』の女性には禁忌です。『小児（特に水痘、インフルエンザの疑いがある場合）』はライ症候群のリスクがあるため原則禁忌です。<br> ・<b>アセトアミノフェン</b>：重篤な『肝機能障害』のある患者には禁忌です。<br> ・<b>無水カフェイン</b>：『心疾患』、活動性『胃潰瘍』、重篤な『緑内障』、重篤な『不安障害』のある患者には慎重投与または避けるべきです。<br> ・<b>プロメタジンメチレンジサリチル酸塩</b>：『緑内障』、前立腺肥大等による『下部尿路閉塞性疾患』、重篤な『心疾患』、『てんかん』またはその既往歴のある患者、および『昏睡状態』の患者には禁忌です。『妊娠後期』の女性には禁忌です。『2歳未満』の乳幼児には呼吸抑制リスクがあるため禁忌です。<br> ・<b>総合</b>：『高齢者』では副作用（特に鎮静、抗コリン作用）が出やすいため慎重投与が必要です。本剤は15歳以上を対象としていますが、小児への投与は年齢制限を厳守し、特にサリチルアミドとプロメタジンメチレンジサリチル酸塩を含むため、水痘・インフルエンザの疑いがある場合や2歳未満の乳幼児には禁忌であることを確認してください。『長期連用』は避けるべきであり、症状が改善しない場合は医療機関受診を勧奨してください。<br>・<b>相互作用</b>：<br> ・<b>サリチルアミド</b>：『ワルファリン等の抗凝固薬』との併用で抗凝固作用を増強し出血リスクが上昇します。『メトトレキサート』の血中濃度を上昇させ毒性を増強します。『スルホニル尿素系血糖降下薬』の血糖降下作用を増強します。『リチウム製剤』の血中濃度を上昇させ毒性を増強します。『他のNSAIDs』との併用で消化管出血などの副作用リスクが増強します。<br> ・<b>アセトアミノフェン</b>：『アルコール』との併用で肝毒性増強リスクがあります。『ワルファリン』と高用量・長期併用で抗凝固作用増強の可能性があります。『イソニアジド、リファンピシン』等の肝酵素誘導剤との併用で肝毒性増強リスクがあります。<br> ・<b>無水カフェイン</b>：『エフェドリン等の交感神経刺激薬』との併用で中枢神経刺激作用が増強され、動悸、不眠、神経過敏のリスクがあります。『シメチジン、フルボキサミン』等のCYP1A2阻害薬との併用でカフェインの代謝を遅延させ、血中濃度上昇、副作用増強のリスクがあります。『経口避妊薬』もカフェインの代謝を遅延させる可能性があります。『テオフィリン』の作用を増強し副作用リスクが増大します。<br> ・<b>プロメタジンメチレンジサリチル酸塩</b>：『アルコール』や『中枢神経抑制薬（睡眠薬、抗不安薬、抗うつ薬、麻薬性鎮痛薬など）』との併用で中枢神経抑制作用が相加的に増強され、強い眠気、集中力低下を引き起こします。『抗コリン作用を持つ薬（三環系抗うつ薬、抗精神病薬、パーキンソン病治療薬など）』との併用で口渇、便秘、排尿困難、眼圧上昇などの抗コリン作用が増強します。『MAO阻害薬』との併用でプロメタジンの作用が増強される可能性があります。<br> ・<b>総合</b>：『他の風邪薬、解熱鎮痛薬、鎮咳去痰薬、抗ヒスタミン薬』などとの併用は、成分の重複による過量摂取や副作用増強のリスクがあるため『避けるよう指導』してください。<br>・<b>濫用・MOH</b>：<br> ・<b>サリチルアミド、アセトアミノフェン</b>：直接的な精神依存性は低いですが、鎮痛薬の過量服用による『薬剤乱用頭痛（MOH: Medication Overuse Headache）』のリスクがあります。特に慢性的な頭痛に対して漫然と服用を続けるとMOHを引き起こす可能性があります。<br> ・<b>無水カフェイン</b>：『精神依存』を形成する可能性があり、連用中止により『離脱症状（頭痛、倦怠感、集中力低下など）』が生じることがあります。MOHのリスクも高めます。<br> ・<b>プロメタジンメチレンジサリチル酸塩</b>：鎮静作用により『精神的な依存』を誘発する可能性はゼロではありませんが、濫用目的で用いられることは稀です。MOHのリスクはあり得ます。<br> ・<b>総合</b>：本剤は複数の鎮痛成分とカフェインを含有するため、『長期連用や過量服用は薬剤乱用頭痛（MOH）のリスクが高まる』ことを必ず指導してください。カフェインによる精神依存、離脱症状にも注意喚起が必要です。<br>・<b>ドーピング・毒性</b>：<br> ・<b>サリチルアミド</b>：WADA（世界アンチ・ドーピング機構）の『禁止物質には該当しません』。<br> ・<b>アセトアミノフェン</b>：WADAの『禁止物質には該当しません』。毒性：成人における急性中毒量は『単回150mg/kg以上』で肝毒性のリスクが増大し、1日総量が『4000mg』を超える長期服用でも肝障害のリスクがあります。重篤な肝障害は『200mg/kg以上』で発生し得るとされます（Poisindex, Lexicomp参照）。【要確認】中毒量・致死量等の詳細はPoisindex等の一次資料を参照。<br> ・<b>無水カフェイン</b>：WADAの『監視プログラム対象物質』であり、尿中濃度が高値の場合には注意喚起される可能性がありますが、『禁止物質ではありません』。毒性：一般的に、急性中毒症状は『単回1g以上』で発現し、重篤な中毒は『単回5g以上』で起こり得るとされます。致死量は『10g以上』が目安とされますが、個人差が大きいです（Poisindex, Lexicomp参照）。【要確認】中毒量・致死量等の詳細はPoisindex等の一次資料を参照。<br> ・<b>プロメタジンメチレンジサリチル酸塩</b>：WADAの『禁止物質には該当しません』。毒性：過量服用により、中枢神経抑制（眠気、昏睡）または中枢神経興奮（興奮、痙攣）、抗コリン作用（口渇、散瞳、頻脈、尿閉）などが発現します。小児では特に呼吸抑制のリスクが高いです。【要確認】中毒量・致死量等の詳細はPoisindex等の一次資料を参照。<br> ・<b>総合</b>：各成分の毒性リスクを理解し、特にアセトアミノフェンの肝毒性、カフェインの過量摂取に注意が必要です。","{""成分マトリックス"":[{""成分名"":""サリチルアミド"",""妊婦・授乳婦"":{""判定"":""✕"",""備考"":""(妊娠: C / 授乳: 相談・注意（L3相当）) サリチル酸系に属するため、妊娠後期（28週以降）の使用は胎児リスク（動脈管早期閉鎖等）となり禁忌。授乳中もアセトアミノフェン単剤への切り替えを推奨。""},""運転・操作"":{""判定"":""ー"",""備考"":""通常の用量では眠気を催すことは稀です。""},""禁忌・受診勧奨"":{""判定"":""✕"",""備考"":""『消化性潰瘍』、重篤な『血液異常』、重篤な『肝・腎機能障害』のある患者、または『アスピリン喘息』の既往歴のある患者には禁忌です。『妊娠後期』の女性には禁忌です。『小児（特に水痘、インフルエンザの疑いがある場合）』はライ症候群のリスクがあるため原則禁忌です。""},""相互作用"":{""判定"":""△"",""備考"":""『ワルファリン等の抗凝固薬』との併用で抗凝固作用を増強し出血リスクが上昇します。『メトトレキサート』の血中濃度を上昇させ毒性を増強します。『スルホニル尿素系血糖降下薬』の血糖降下作用を増強します。『リチウム製剤』の血中濃度を上昇させ毒性を増強します。『他のNSAIDs』との併用で消化管出血などの副作用リスクが増強します。""},""ドーピング・毒性"":{""判定"":""ー"",""備考"":""WADA（世界アンチ・ドーピング機構）の『禁止物質には該当しません』。""}},{""成分名"":""アセトアミノフェン"",""妊婦・授乳婦"":{""判定"":""〇"",""備考"":""(妊娠: A / 授乳: 安全（L1相当）) 妊娠全期間・授乳中を通じて第一選択となる解熱鎮痛成分。通常のOTC用量であれば母子ともに安全性が極めて高い。""},""運転・操作"":{""判定"":""ー"",""備考"":""通常の用量では眠気を催すことは稀です。""},""禁忌・受診勧奨"":{""判定"":""✕"",""備考"":""重篤な『肝機能障害』のある患者には禁忌です。""},""相互作用"":{""判定"":""△"",""備考"":""『アルコール』との併用で肝毒性増強リスクがあります。『ワルファリン』と高用量・長期併用で抗凝固作用増強の可能性があります。『イソニアジド、リファンピシン』等の肝酵素誘導剤との併用で肝毒性増強リスクがあります。""},""ドーピング・毒性"":{""判定"":""△"",""備考"":""WADAの『禁止物質には該当しません』。毒性：成人における急性中毒量は『単回150mg/kg以上』で肝毒性のリスクが増大し、1日総量が『4000mg』を超える長期服用でも肝障害のリスクがあります。重篤な肝障害は『200mg/kg以上』で発生し得るとされます（Poisindex, Lexicomp参照）。【要確認】中毒量・致死量等の詳細はPoisindex等の一次資料を参照。""}},{""成分名"":""無水カフェイン"",""妊婦・授乳婦"":{""判定"":""〇"",""備考"":""(妊娠: A相当 / 授乳: 安全（L2相当）) 通常のOTC含有量（1回50mg程度）であれば妊婦・授乳婦ともに影響は少なく安全。ただし、コーヒー等からの過剰摂取（1日200〜300mg以上）には注意を促す。""},""運転・操作"":{""判定"":""ー"",""備考"":""眠気覚まし効果がある一方で、過剰摂取は神経過敏や集中力低下を招く可能性があります。""},""禁忌・受診勧奨"":{""判定"":""△"",""備考"":""『心疾患』、活動性『胃潰瘍』、重篤な『緑内障』、重篤な『不安障害』のある患者には慎重投与または避けるべきです。""},""相互作用"":{""判定"":""△"",""備考"":""『エフェドリン等の交感神経刺激薬』との併用で中枢神経刺激作用が増強され、動悸、不眠、神経過敏のリスクがあります。『シメチジン、フルボキサミン』等のCYP1A2阻害薬との併用でカフェインの代謝を遅延させ、血中濃度上昇、副作用増強のリスクがあります。『経口避妊薬』もカフェインの代謝を遅延させる可能性があります。『テオフィリン』の作用を増強し副作用リスクが増大します。""},""濫用・MOH"":{""判定"":""△"",""備考"":""『精神依存』を形成する可能性があり、連用中止により『離脱症状（頭痛、倦怠感、集中力低下など）』が生じることがあります。MOHのリスクも高めます。""},""ドーピング・毒性"":{""判定"":""〇"",""備考"":""WADAの『監視プログラム対象物質』であり、尿中濃度が高値の場合には注意喚起される可能性がありますが、『禁止物質ではありません』。毒性：一般的に、急性中毒症状は『単回1g以上』で発現し、重篤な中毒は『単回5g以上』で起こり得るとされます。致死量は『10g以上』が目安とされますが、個人差が大きいです（Poisindex, Lexicomp参照）。【要確認】中毒量・致死量等の詳細はPoisindex等の一次資料を参照。""}},{""成分名"":""プロメタジンメチレンジサリチル酸塩"",""妊婦・授乳婦"":{""判定"":""✕"",""備考"":""(妊娠: C / 授乳: 相談・注意（L3相当）) 第一世代抗ヒスタミン薬。授乳中は乳児の傾眠リスクがあるため注意。総合感冒薬（PL配合顆粒等）に含まれるため、他の成分の禁忌（サリチルアミド等）に準じて妊娠後期の使用は避ける。""},""運転・操作"":{""判定"":""ー"",""備考"":""『強い鎮静作用と抗コリン作用』により、眠気、めまい、集中力低下、視調節障害などを引き起こすため、『服用中の運転・機械操作は厳禁』です。""},""禁忌・受診勧奨"":{""判定"":""✕"",""備考"":""『緑内障』、前立腺肥大等による『下部尿路閉塞性疾患』、重篤な『心疾患』、『てんかん』またはその既往歴のある患者、および『昏睡状態』の患者には禁忌です。『妊娠後期』の女性には禁忌です。『2歳未満』の乳幼児には呼吸抑制リスクがあるため禁忌です。""},""相互作用"":{""判定"":""ー"",""備考"":""『アルコール』や『中枢神経抑制薬（睡眠薬、抗不安薬、抗うつ薬、麻薬性鎮痛薬など）』との併用で中枢神経抑制作用が相加的に増強され、強い眠気、集中力低下を引き起こします。『抗コリン作用を持つ薬（三環系抗うつ薬、抗精神病薬、パーキンソン病治療薬など）』との併用で口渇、便秘、排尿困難、眼圧上昇などの抗コリン作用が増強します。『MAO阻害薬』との併用でプロメタジンの作用が増強される可能性があります。""},""濫用・MOH"":{""判定"":""〇"",""備考"":""鎮静作用により『精神的な依存』を誘発する可能性はゼロではありませんが、濫用目的で用いられることは稀です。MOHのリスクはあり得ます。""},""ドーピング・毒性"":{""判定"":""△"",""備考"":""WADAの『禁止物質には該当しません』。毒性：過量服用により、中枢神経抑制（眠気、昏睡）または中枢神経興奮（興奮、痙攣）、抗コリン作用（口渇、散瞳、頻脈、尿閉）などが発現します。小児では特に呼吸抑制のリスクが高いです。【要確認】中毒量・致死量等の詳細はPoisindex等の一次資料を参照。""}},{""成分名"":""総合"",""妊婦・授乳婦"":{""判定"":""✕"",""備考"":""本剤はサリチルアミドとプロメタジンメチレンジサリチル酸塩を含むため、『妊婦・授乳婦には原則禁忌または避けるべき』であり、服用は推奨されません。""},""運転・操作"":{""判定"":""ー"",""備考"":""プロメタジンメチレンジサリチル酸塩の作用により、『服用後の運転・機械操作は絶対に行わないよう、患者に明確に指導』してください。""},""禁忌・受診勧奨"":{""判定"":""✕"",""備考"":""『高齢者』では副作用（特に鎮静、抗コリン作用）が出やすいため慎重投与が必要です。本剤は15歳以上を対象としていますが、小児への投与は年齢制限を厳守し、特にサリチルアミドとプロメタジンメチレンジサリチル酸塩を含むため、水痘・インフルエンザの疑いがある場合や2歳未満の乳幼児には禁忌であることを確認してください。『長期連用』は避けるべきであり、症状が改善しない場合は医療機関受診を勧奨してください。""},""相互作用"":{""判定"":""△"",""備考"":""『他の風邪薬、解熱鎮痛薬、鎮咳去痰薬、抗ヒスタミン薬』などとの併用は、成分の重複による過量摂取や副作用増強のリスクがあるため『避けるよう指導』してください。""},""濫用・MOH"":{""判定"":""△"",""備考"":""本剤は複数の鎮痛成分とカフェインを含有するため、『長期連用や過量服用は薬剤乱用頭痛（MOH）のリスクが高まる』ことを必ず指導してください。カフェインによる精神依存、離脱症状にも注意喚起が必要です。""},""ドーピング・毒性"":{""判定"":""△"",""備考"":""各成分の毒性リスクを理解し、特にアセトアミノフェンの肝毒性、カフェインの過量摂取に注意が必要です。""}},{""成分名"":""サリチルアミド、アセトアミノフェン"",""濫用・MOH"":{""判定"":""△"",""備考"":""直接的な精神依存性は低いですが、鎮痛薬の過量服用による『薬剤乱用頭痛（MOH: Medication Overuse Headache）』のリスクがあります。特に慢性的な頭痛に対して漫然と服用を続けるとMOHを引き起こす可能性があります。""}}]}"
2026/07/02 0:58:27,6,15歳未満の小児,出産予定日12週以内の妊婦は服用禁止。授乳中は服用しないか授乳を避けること。妊婦または妊娠していると思われる人は服用前に相談すること。,"メチルエフェドリン, ジヒドロコデイン","{""basis"":""6錠中"",""ingredients"":[{""name"":""イブプロフェン"",""id"":""D00126"",""amount"":450,""unit"":""mg""},{""name"":""クロルフェニラミンマレイン酸塩"",""id"":""D00665"",""amount"":7.5,""unit"":""mg""},{""name"":""dl-メチルエフェドリン塩酸塩"",""id"":""D02109"",""amount"":60,""unit"":""mg""},{""name"":""ジヒドロコデインリン酸塩"",""id"":""D01481"",""amount"":24,""unit"":""mg""},{""name"":""無水カフェイン"",""id"":""D00528"",""amount"":75,""unit"":""mg""},{""name"":""ヘスペリジン"",""id"":""D01038"",""amount"":90,""unit"":""mg""}]}","{""adult_dose"":""2錠×3回"",""daily_dose"":6,""prohibited_age"":""15歳未満の小児""}","{""driving_warning"":""運転禁止"",""pregnancy_warning"":""出産予定日12週以内の妊婦は服用禁止。授乳中は服用しないか授乳を避けること。妊婦または妊娠していると思われる人は服用前に相談すること。"",""drug_category"":""かぜ薬（内用）"",""category_limit"":7,""packages"":[{""package_type"":""18錠"",""estimated_days"":3,""capacity_judgment"":""小容量""},{""package_type"":""30錠"",""estimated_days"":5,""capacity_judgment"":""小容量""}]}",イブプロフェンの解熱鎮痛作用により、かぜによる発熱・悪寒・頭痛・のどの痛み・関節の痛みを緩和します。6種の成分がバランスよくはたらき、かぜの様々な症状を緩和。柑橘類などに含まれるビタミンPの一種であるヘスペリジンを配合。のみやすい小型の白色～帯黄白色のカプレットタイプの錠剤です。,ベンザブロックIP,〇,"ベンザブロック命名規則：カプレット=6T/日、円形錠(名称最後に”錠”)=9T/日、全シリーズで統一(「無印」「プレミアムDX」共通)
        「L・IP・S」/「L・IP・S」錠/「L・IP・S・T」プレミアムDX/「L・IP・S・T」プレミアムDX錠
　　        「YASUMO/せき止め液1回量のみ切りタイプ/せき止め錠/トローチ」も指定濫用該当(ﾄﾛｰﾁは対象､のどｽﾌﾟﾚｰは対象外)
","【⚠️レッドフラッグあり：現場確認必須】

【イブプロフェン】(妊娠: C / D (妊娠後期) / 授乳: 安全（L1相当）)
授乳中は母乳移行が極めて少なく安全（L1）。妊娠初期〜中期は有益性投与（C）だが、妊娠後期（28週以降）は動脈管収縮リスクのため禁忌（D）。

【クロルフェニラミンマレイン酸塩】(妊娠: A / 授乳: 相談・注意（L3相当）)
授乳中の使用は可能だが、第一世代抗ヒスタミン薬のため乳児の傾眠リスクに注意。妊婦には比較的安全（A）だが、可能な限りフェキソフェナジン等の第二世代への変更が望ましい。

【dl-メチルエフェドリン塩酸塩】(妊娠: A (エフェドリン類) / 授乳: 注意（L3〜L4相当）)
血管収縮作用による母乳分泌量の低下リスクあり。授乳中は可能な限り単回・短期にとどめるか、去痰薬のみの処方（カルボシステイン等）への切り替えを推奨。

【ジヒドロコデインリン酸塩】(妊娠: C / 授乳: 相談・注意（L3相当）)
授乳中の連用により乳児にモルヒネ中毒（傾眠・呼吸抑制等）のリスクあり。OTCの鎮咳薬として短期・単回でも授乳回避または非鎮静性成分への変更を提案する。

【無水カフェイン】(妊娠: A相当 / 授乳: 安全（L2相当）)
通常のOTC含有量（1回50mg程度）であれば妊婦・授乳婦ともに影響は少なく安全。ただし、コーヒー等からの過剰摂取（1日200〜300mg以上）には注意を促す。

【ヘスペリジン】(妊娠: 未分類 / 授乳: 安全（L1相当）)
柑橘類由来のビタミンP様成分。食品にも含まれる成分であり、妊婦・授乳婦ともに安全性は極めて高い。",【現場_代替薬提案】<br>ベンザブロックIPは、イブプロフェン、抗ヒスタミン薬、鎮咳去痰薬、交感神経刺激薬など複数の成分を配合しており、様々な症状に対応できますが、その分、特定の患者層には使用が推奨されません。<br>・<b>妊婦・授乳婦</b>：イブプロフェン、クロルフェニラミン、dl-メチルエフェドリン、ジヒドロコデインは妊娠中・授乳中に推奨されません。解熱鎮痛にはアセトアミノフェン単剤、鼻症状には点鼻薬や比較的安全とされる第二世代抗ヒスタミン薬（医師・薬剤師に要相談）、咳にははちみつや麦芽糖を検討してください。<br>・<b>運転者</b>：クロルフェニラミンとジヒドロコデインによる眠気のリスクが高いため、運転・機械操作をされる方には、眠気を催さない成分（例：解熱鎮痛はイブプロフェン単剤、鼻症状はプソイドエフェドリンを含まない点鼻薬や第二世代抗ヒスタミン薬）への切り替えを提案してください。<br>・<b>基礎疾患（高血圧、心疾患、糖尿病、緑内障、前立腺肥大症、消化性潰瘍など）</b>：dl-メチルエフェドリン、イブプロフェン、クロルフェニラミン、ジヒドロコデインはこれらの疾患を悪化させる可能性があります。基礎疾患を持つ患者には、症状に応じた単一成分製剤や、より安全性の高い代替薬（例：解熱鎮痛はアセトアミノフェン、鼻症状は点鼻薬）を検討し、必要に応じて医師への受診勧奨を行ってください。,【現場_服薬指導エビデンス】<br>・<b>妊婦・授乳婦</b>：<br> ・<b>イブプロフェン</b>：妊娠後期（28週以降）は胎児の動脈管収縮・閉鎖、腎機能障害のリスクがあるため禁忌です。妊娠初期・中期は治療上の有益性が危険性を上回る場合のみ慎重に検討されます。成育医療センターの評価では、妊娠初期・中期はL2、妊娠後期はL3-L4相当（禁忌）。授乳婦はL2であり、短期間の使用であれば比較的安全とされますが、乳児への影響を考慮し慎重に判断します。<br> ・<b>クロルフェニラミンマレイン酸塩</b>：妊婦には原則禁忌または慎重投与とされます。催奇形性は否定的ですが、妊娠後期に服用すると新生児に影響（神経過敏、振戦、痙攣など）の可能性が報告されています。成育医療センターの評価ではL2-L3相当。授乳婦はL3であり、乳汁移行により乳児に眠気や興奮、また母体の乳汁分泌抑制の可能性があります。服用中は授乳を避けるか、代替薬を検討すべきです。<br> ・<b>dl-メチルエフェドリン塩酸塩</b>：妊婦には原則禁忌または慎重投与とされます。胎児への血管収縮作用や子宮収縮作用の可能性が懸念されます。成育医療センターの評価ではL3相当。授乳婦はL3であり、乳汁移行により乳児に興奮や不眠、心血管系への影響の可能性があります。服用中は授乳を避けるか、代替薬を検討すべきです。<br> ・<b>ジヒドロコデインリン酸塩</b>：妊婦には原則禁忌とされます。胎児への呼吸抑制、新生児禁断症状のリスクがあります。成育医療センターの評価ではL3-L4相当。授乳婦はL4であり、乳汁移行により乳児の呼吸抑制や鎮静のリスクがあるため禁忌です。特にCYP2D6の超高速代謝者では、乳児へのモルヒネ移行量が増加し、重篤な副作用を引き起こす可能性があります。<br> ・<b>無水カフェイン</b>：妊婦は過剰摂取を避けるべきです。成育医療センターの評価ではL2-L3相当。授乳婦はL2であり、乳汁移行により乳児が興奮したり、不眠になる可能性がありますが、通常量であれば問題ないことが多いとされます。ただし、乳児の様子を注意深く観察し、過敏な反応が見られた場合は中止を検討します。<br> ・<b>ヘスペリジン</b>：一般的に食品成分であり、医薬品としての妊婦・授乳婦への安全性に関する十分なデータは限定的です。明確な成育L分類やTGA分類の記載は多くありませんが、通常の使用量であれば大きな懸念は少ないと考えられます。しかし、医薬品として配合されているため、慎重な判断が求められます。<br>・<b>運転・操作</b>：<br> ・<b>イブプロフェン</b>：眠気は比較的少ないですが、めまいや視覚障害などの副作用が報告されており、服用後の運転・機械操作には注意が必要です。<br> ・<b>クロルフェニラミンマレイン酸塩</b>：強い眠気、集中力低下、めまい、ふらつきなどを引き起こす可能性が高いため、服用中は自動車の運転や機械の操作を絶対に避けるよう指導してください。<br> ・<b>dl-メチルエフェドリン塩酸塩</b>：興奮、不眠、めまい、動悸などを起こす可能性があるため、服用後の運転・機械操作には注意が必要です。<br> ・<b>ジヒドロコデインリン酸塩</b>：強い眠気、集中力低下、めまい、ふらつきなどを引き起こす可能性が高いため、服用中は自動車の運転や機械の操作を絶対に避けるよう指導してください。<br> ・<b>無水カフェイン</b>：通常量では眠気軽減効果が期待されますが、過剰摂取や感受性の高い方では神経過敏、めまい、動悸などを引き起こす可能性があり、注意が必要です。<br> ・<b>ヘスペリジン</b>：運転・機械操作に影響を与えるという報告は特にありません。<br>・<b>禁忌・受診勧奨</b>：<br> ・<b>イブプロフェン</b>：消化性潰瘍、重篤な血液の異常、肝・腎機能障害、心機能不全、アスピリン喘息の既往歴がある患者、妊娠後期は禁忌です。これらの既往がある場合は服用を避けるよう指導し、医師への受診を勧奨してください。<br> ・<b>クロルフェニラミンマレイン酸塩</b>：緑内障、前立腺肥大症、甲状腺機能亢進症、てんかん、喘息発作中、重篤な心疾患のある患者は禁忌または慎重投与です。服用前にこれらの疾患の有無を確認し、該当する場合は医師への受診を勧奨してください。<br> ・<b>dl-メチルエフェドリン塩酸塩</b>：高血圧症、心疾患、甲状腺機能亢進症、糖尿病、緑内障、前立腺肥大症のある患者は禁忌または慎重投与です。また、MAO阻害薬を服用している患者も禁忌です。これらの既往がある場合は服用を避けるよう指導し、医師への受診を勧奨してください。<br> ・<b>ジヒドロコデインリン酸塩</b>：12歳未満の小児、重篤な呼吸抑制のある患者、喘息発作中、頭部外傷や脳腫瘍、アルコール中毒、痙攣状態の患者は禁忌です。また、MAO阻害薬を服用している患者も禁忌です。これらの既往がある場合は服用を避けるよう指導し、医師への受診を勧奨してください。<br> ・<b>無水カフェイン</b>：心疾患、胃潰瘍、緑内障、てんかんのある患者は慎重投与です。これらの既往がある場合は服用前に医師・薬剤師に相談するよう指導してください。<br> ・<b>ヘスペリジン</b>：特筆すべき禁忌や受診勧奨事項はありませんが、他の成分との兼ね合いで注意が必要です。<br>・<b>相互作用</b>：<br> ・<b>イブプロフェン</b>：ワルファリン等の抗凝固薬、メトトレキサート、リチウム製剤、ACE阻害薬、アンジオテンシンII受容体拮抗薬（ARB）、利尿薬、SSRI（選択的セロトニン再取り込み阻害薬）との併用で、それぞれの薬剤の効果増強や副作用（消化管出血リスク増大、腎機能障害など）のリスクが高まります。併用薬を確認し、注意を促してください。<br> ・<b>クロルフェニラミンマレイン酸塩</b>：アルコール、中枢神経抑制剤（鎮静作用、眠気増強）、MAO阻害薬（抗コリン作用増強）との併用は避けるべきです。併用薬や飲酒習慣を確認してください。<br> ・<b>dl-メチルエフェドリン塩酸塩</b>：MAO阻害薬（高血圧クリーゼのリスク）、甲状腺ホルモン剤、カテコールアミン製剤、昇圧アミンとの併用は避けるべきです。併用薬を確認し、注意を促してください。<br> ・<b>ジヒドロコデインリン酸塩</b>：アルコール、中枢神経抑制剤（鎮静作用、呼吸抑制増強）、MAO阻害薬（セロトニン症候群、呼吸抑制のリスク）との併用は避けるべきです。併用薬や飲酒習慣を確認してください。<br> ・<b>無水カフェイン</b>：MAO阻害薬（興奮作用増強）、シメチジンや経口避妊薬（カフェインの代謝阻害による作用増強）、エフェドリンなどの交感神経刺激薬（中枢刺激作用増強）との併用は注意が必要です。他のカフェイン含有飲料・食品の摂取量も確認してください。<br> ・<b>ヘスペリジン</b>：特筆すべき重要な相互作用は報告されていません。<br>・<b>濫用・MOH</b>：<br> ・<b>イブプロフェン</b>：NSAIDsの過剰摂取により薬剤乱用頭痛（MOH: Medication Overuse Headache）を引き起こすリスクがあります。漫然とした長期連用は避けるよう指導してください。<br> ・<b>クロルフェニラミンマレイン酸塩</b>：乱用リスクは低いですが、大量摂取により中枢神経系の副作用（幻覚、興奮など）が生じる可能性があります。<br> ・<b>dl-メチルエフェドリン塩酸塩</b>：覚醒作用があるため、乱用される可能性（エフェドリン類似）があります。過量摂取には注意が必要です。<br> ・<b>ジヒドロコデインリン酸塩</b>：オピオイド系成分であり、依存性・乱用リスクが高いです。過量摂取や漫然とした長期連用は、身体的・精神的依存、薬剤乱用頭痛（MOH）を引き起こす可能性があります。用法・用量を厳守し、長期連用を避けるよう強く指導してください。<br> ・<b>無水カフェイン</b>：精神依存の可能性があり、過剰摂取により神経過敏、不安、不眠、動悸などの症状を引き起こすことがあります。薬剤乱用頭痛（MOH）のリスクも報告されています。<br> ・<b>ヘスペリジン</b>：乱用リスクは低いと考えられます。<br>・<b>ドーピング・毒性</b>：<br> ・<b>イブプロフェン</b>：世界アンチ・ドーピング機構（WADA）の禁止物質リストには該当しません。<br> ・<b>クロルフェニラミンマレイン酸塩</b>：WADAの禁止物質リストには該当しません。<br> ・<b>dl-メチルエフェドリン塩酸塩</b>：WADAの禁止物質リストに『特定競技期間中』の禁止物質として該当します。競技者は服用に注意が必要です。<br> ・<b>ジヒドロコデインリン酸塩</b>：WADAの禁止物質リストに『特定競技期間中』の禁止物質（麻薬）として該当します。競技者は服用に注意が必要です。<br> ・<b>無水カフェイン</b>：WADAの禁止物質リストには現在該当しません（過去には禁止物質でした）。【要確認】中毒量・致死量等の詳細はPoisindex等の一次資料を参照。<br> ・<b>ヘスペリジン</b>：WADAの禁止物質リストには該当しません。,"{""成分マトリックス"":[{""成分名"":""イブプロフェン"",""妊婦・授乳婦"":{""判定"":""✕"",""備考"":""(妊娠: C / D (妊娠後期) / 授乳: 安全（L1相当）) 授乳中は母乳移行が極めて少なく安全（L1）。妊娠初期〜中期は有益性投与（C）だが、妊娠後期（28週以降）は動脈管収縮リスクのため禁忌（D）。""},""運転・操作"":{""判定"":""△"",""備考"":""眠気は比較的少ないですが、めまいや視覚障害などの副作用が報告されており、服用後の運転・機械操作には注意が必要です。""},""禁忌・受診勧奨"":{""判定"":""✕"",""備考"":""消化性潰瘍、重篤な血液の異常、肝・腎機能障害、心機能不全、アスピリン喘息の既往歴がある患者、妊娠後期は禁忌です。これらの既往がある場合は服用を避けるよう指導し、医師への受診を勧奨してください。""},""相互作用"":{""判定"":""△"",""備考"":""ワルファリン等の抗凝固薬、メトトレキサート、リチウム製剤、ACE阻害薬、アンジオテンシンII受容体拮抗薬（ARB）、利尿薬、SSRI（選択的セロトニン再取り込み阻害薬）との併用で、それぞれの薬剤の効果増強や副作用（消化管出血リスク増大、腎機能障害など）のリスクが高まります。併用薬を確認し、注意を促してください。""},""濫用・MOH"":{""判定"":""△"",""備考"":""NSAIDsの過剰摂取により薬剤乱用頭痛（MOH: Medication Overuse Headache）を引き起こすリスクがあります。漫然とした長期連用は避けるよう指導してください。""},""ドーピング・毒性"":{""判定"":""ー"",""備考"":""世界アンチ・ドーピング機構（WADA）の禁止物質リストには該当しません。""}},{""成分名"":""クロルフェニラミンマレイン酸塩"",""妊婦・授乳婦"":{""判定"":""〇"",""備考"":""(妊娠: A / 授乳: 相談・注意（L3相当）) 授乳中の使用は可能だが、第一世代抗ヒスタミン薬のため乳児の傾眠リスクに注意。妊婦には比較的安全（A）だが、可能な限りフェキソフェナジン等の第二世代への変更が望ましい。""},""運転・操作"":{""判定"":""✕"",""備考"":""強い眠気、集中力低下、めまい、ふらつきなどを引き起こす可能性が高いため、服用中は自動車の運転や機械の操作を絶対に避けるよう指導してください。""},""禁忌・受診勧奨"":{""判定"":""✕"",""備考"":""緑内障、前立腺肥大症、甲状腺機能亢進症、てんかん、喘息発作中、重篤な心疾患のある患者は禁忌または慎重投与です。服用前にこれらの疾患の有無を確認し、該当する場合は医師への受診を勧奨してください。""},""相互作用"":{""判定"":""ー"",""備考"":""アルコール、中枢神経抑制剤（鎮静作用、眠気増強）、MAO阻害薬（抗コリン作用増強）との併用は避けるべきです。併用薬や飲酒習慣を確認してください。""},""濫用・MOH"":{""判定"":""△"",""備考"":""乱用リスクは低いですが、大量摂取により中枢神経系の副作用（幻覚、興奮など）が生じる可能性があります。""},""ドーピング・毒性"":{""判定"":""ー"",""備考"":""WADAの禁止物質リストには該当しません。""}},{""成分名"":""dl-メチルエフェドリン塩酸塩"",""妊婦・授乳婦"":{""判定"":""✕"",""備考"":""(妊娠: A (エフェドリン類) / 授乳: 注意（L3〜L4相当）) 血管収縮作用による母乳分泌量の低下リスクあり。授乳中は可能な限り単回・短期にとどめるか、去痰薬のみの処方（カルボシステイン等）への切り替えを推奨。""},""運転・操作"":{""判定"":""△"",""備考"":""興奮、不眠、めまい、動悸などを起こす可能性があるため、服用後の運転・機械操作には注意が必要です。""},""禁忌・受診勧奨"":{""判定"":""✕"",""備考"":""高血圧症、心疾患、甲状腺機能亢進症、糖尿病、緑内障、前立腺肥大症のある患者は禁忌または慎重投与です。また、MAO阻害薬を服用している患者も禁忌です。これらの既往がある場合は服用を避けるよう指導し、医師への受診を勧奨してください。""},""相互作用"":{""判定"":""△"",""備考"":""MAO阻害薬（高血圧クリーゼのリスク）、甲状腺ホルモン剤、カテコールアミン製剤、昇圧アミンとの併用は避けるべきです。併用薬を確認し、注意を促してください。""},""濫用・MOH"":{""判定"":""△"",""備考"":""覚醒作用があるため、乱用される可能性（エフェドリン類似）があります。過量摂取には注意が必要です。""},""ドーピング・毒性"":{""判定"":""△"",""備考"":""WADAの禁止物質リストに『特定競技期間中』の禁止物質として該当します。競技者は服用に注意が必要です。""}},{""成分名"":""ジヒドロコデインリン酸塩"",""妊婦・授乳婦"":{""判定"":""△"",""備考"":""(妊娠: C / 授乳: 相談・注意（L3相当）) 授乳中の連用により乳児にモルヒネ中毒（傾眠・呼吸抑制等）のリスクあり。OTCの鎮咳薬として短期・単回でも授乳回避または非鎮静性成分への変更を提案する。""},""運転・操作"":{""判定"":""✕"",""備考"":""強い眠気、集中力低下、めまい、ふらつきなどを引き起こす可能性が高いため、服用中は自動車の運転や機械の操作を絶対に避けるよう指導してください。""},""禁忌・受診勧奨"":{""判定"":""✕"",""備考"":""12歳未満の小児、重篤な呼吸抑制のある患者、喘息発作中、頭部外傷や脳腫瘍、アルコール中毒、痙攣状態の患者は禁忌です。また、MAO阻害薬を服用している患者も禁忌です。これらの既往がある場合は服用を避けるよう指導し、医師への受診を勧奨してください。""},""相互作用"":{""判定"":""△"",""備考"":""アルコール、中枢神経抑制剤（鎮静作用、呼吸抑制増強）、MAO阻害薬（セロトニン症候群、呼吸抑制のリスク）との併用は避けるべきです。併用薬や飲酒習慣を確認してください。""},""濫用・MOH"":{""判定"":""△"",""備考"":""オピオイド系成分であり、依存性・乱用リスクが高いです。過量摂取や漫然とした長期連用は、身体的・精神的依存、薬剤乱用頭痛（MOH）を引き起こす可能性があります。用法・用量を厳守し、長期連用を避けるよう強く指導してください。""},""ドーピング・毒性"":{""判定"":""△"",""備考"":""WADAの禁止物質リストに『特定競技期間中』の禁止物質（麻薬）として該当します。競技者は服用に注意が必要です。""}},{""成分名"":""無水カフェイン"",""妊婦・授乳婦"":{""判定"":""〇"",""備考"":""(妊娠: A相当 / 授乳: 安全（L2相当）) 通常のOTC含有量（1回50mg程度）であれば妊婦・授乳婦ともに影響は少なく安全。ただし、コーヒー等からの過剰摂取（1日200〜300mg以上）には注意を促す。""},""運転・操作"":{""判定"":""△"",""備考"":""通常量では眠気軽減効果が期待されますが、過剰摂取や感受性の高い方では神経過敏、めまい、動悸などを引き起こす可能性があり、注意が必要です。""},""禁忌・受診勧奨"":{""判定"":""△"",""備考"":""心疾患、胃潰瘍、緑内障、てんかんのある患者は慎重投与です。これらの既往がある場合は服用前に医師・薬剤師に相談するよう指導してください。""},""相互作用"":{""判定"":""△"",""備考"":""MAO阻害薬（興奮作用増強）、シメチジンや経口避妊薬（カフェインの代謝阻害による作用増強）、エフェドリンなどの交感神経刺激薬（中枢刺激作用増強）との併用は注意が必要です。他のカフェイン含有飲料・食品の摂取量も確認してください。""},""濫用・MOH"":{""判定"":""△"",""備考"":""精神依存の可能性があり、過剰摂取により神経過敏、不安、不眠、動悸などの症状を引き起こすことがあります。薬剤乱用頭痛（MOH）のリスクも報告されています。""},""ドーピング・毒性"":{""判定"":""ー"",""備考"":""WADAの禁止物質リストには現在該当しません（過去には禁止物質でした）。【要確認】中毒量・致死量等の詳細はPoisindex等の一次資料を参照。""}},{""成分名"":""ヘスペリジン"",""妊婦・授乳婦"":{""判定"":""〇"",""備考"":""(妊娠: 未分類 / 授乳: 安全（L1相当）) 柑橘類由来のビタミンP様成分。食品にも含まれる成分であり、妊婦・授乳婦ともに安全性は極めて高い。""},""運転・操作"":{""判定"":""〇"",""備考"":""運転・機械操作に影響を与えるという報告は特にありません。""},""禁忌・受診勧奨"":{""判定"":""〇"",""備考"":""特筆すべき禁忌や受診勧奨事項はありませんが、他の成分との兼ね合いで注意が必要です。""},""相互作用"":{""判定"":""ー"",""備考"":""特筆すべき重要な相互作用は報告されていません。""},""濫用・MOH"":{""判定"":""△"",""備考"":""乱用リスクは低いと考えられます。""},""ドーピング・毒性"":{""判定"":""ー"",""備考"":""WADAの禁止物質リストには該当しません。""}}]}"
2026/07/02 1:09:02,6,15歳未満の小児,出産予定日12週以内の妊婦は服用しないこと。授乳中の人は服用しないか、授乳を避けること。妊婦または妊娠していると思われる人は服用前に医師等に相談すること。,"メチルエフェドリン,ジヒドロコデイン","{""basis"":""6錠中"",""ingredients"":[{""name"":""イブプロフェン"",""id"":""D00126"",""amount"":360,""unit"":""mg""},{""name"":""アセトアミノフェン"",""id"":""D00217"",""amount"":180,""unit"":""mg""},{""name"":""d-クロルフェニラミンマレイン酸塩"",""id"":""D00668"",""amount"":3.5,""unit"":""mg""},{""name"":""dl-メチルエフェドリン塩酸塩"",""id"":""D02109"",""amount"":60,""unit"":""mg""},{""name"":""ジヒドロコデインリン酸塩"",""id"":""D01481"",""amount"":24,""unit"":""mg""},{""name"":""グリチルリチン酸"",""id"":""D00157"",""amount"":39,""unit"":""mg""},{""name"":""無水カフェイン"",""id"":""D00528"",""amount"":75,""unit"":""mg""},{""name"":""アスコルビン酸カルシウム"",""id"":""D02293"",""amount"":500,""unit"":""mg""},{""name"":""ヘスペリジン"",""id"":""D01038"",""amount"":90,""unit"":""mg""}]}","{""adult_dose"":""2錠×3回"",""daily_dose"":6,""prohibited_age"":""15歳未満の小児""}","{""driving_warning"":""運転禁止"",""pregnancy_warning"":""出産予定日12週以内の妊婦は服用しないこと。授乳中の人は服用しないか、授乳を避けること。妊婦または妊娠していると思われる人は服用前に医師等に相談すること。"",""drug_category"":""かぜ薬（内用）"",""category_limit"":7,""packages"":[{""package_type"":""12錠"",""estimated_days"":2,""capacity_judgment"":""小容量""},{""package_type"":""24錠"",""estimated_days"":4,""capacity_judgment"":""小容量""}]}",イブプロフェンとアセトアミノフェンの2種の解熱鎮痛成分が、発熱・悪寒、頭痛、のどの痛み、関節の痛みを緩和します。グリチルリチン酸がのどの炎症をおさえ、ビタミンCとヘスペリジンも配合。9種の成分でかぜの諸症状を総合的に緩和する薬です。,ベンザブロックIPプレミアム,〇,-,"【⚠️レッドフラッグあり：現場確認必須】

【イブプロフェン】(妊娠: C / D (妊娠後期) / 授乳: 安全（L1相当）)
授乳中は母乳移行が極めて少なく安全（L1）。妊娠初期〜中期は有益性投与（C）だが、妊娠後期（28週以降）は動脈管収縮リスクのため禁忌（D）。

【アセトアミノフェン】(妊娠: A / 授乳: 安全（L1相当）)
妊娠全期間・授乳中を通じて第一選択となる解熱鎮痛成分。通常のOTC用量であれば母子ともに安全性が極めて高い。

【d-クロルフェニラミンマレイン酸塩】(妊娠: A / 授乳: 相談・注意（L3相当）)
第一世代抗ヒスタミン薬のため、授乳中は乳児の傾眠・過鎮静リスクに注意。妊婦には比較的安全（A）だが、現場ではインシデント防止も含め、フェキソフェナジン等の第二世代への変更が望ましい。

【dl-メチルエフェドリン塩酸塩】(妊娠: A (エフェドリン類) / 授乳: 注意（L3〜L4相当）)
血管収縮作用による母乳分泌量の低下リスクあり。授乳中は可能な限り単回・短期にとどめるか、去痰薬のみの処方（カルボシステイン等）への切り替えを推奨。

【ジヒドロコデインリン酸塩】(妊娠: C / 授乳: 相談・注意（L3相当）)
授乳中の連用により乳児にモルヒネ中毒（傾眠・呼吸抑制等）のリスクあり。OTCの鎮咳薬として短期・単回でも授乳回避または非鎮静性成分への変更を提案する。

【グリチルリチン酸】(妊娠: 未分類 / 授乳: 安全（L2相当）)
カンゾウの主成分。通常のOTC用量であれば妊婦・授乳婦ともに安全。ただし大量・長期連用による偽アルドステロン症（血圧上昇、むくみ）には注意が必要。

【無水カフェイン】(妊娠: A相当 / 授乳: 安全（L2相当）)
通常のOTC含有量（1回50mg程度）であれば妊婦・授乳婦ともに影響は少なく安全。ただし、コーヒー等からの過剰摂取（1日200〜300mg以上）には注意を促す。

【アスコルビン酸カルシウム】(妊娠: A / 授乳: 安全（L1相当）)
ビタミンCおよびカルシウム補給成分。妊婦・授乳婦ともに安全に使用可能。

【ヘスペリジン】(妊娠: 未分類 / 授乳: 安全（L1相当）)
柑橘類由来のビタミンP様成分。食品にも含まれる成分であり、妊婦・授乳婦ともに安全性は極めて高い。",【現場_代替薬提案】<br>ベンザブロックIPプレミアムは、イブプロフェン、アセトアミノフェン、d-クロルフェニラミンマレイン酸塩、dl-メチルエフェドリン塩酸塩、ジヒドロコデインリン酸塩など複数の成分を配合しており、様々な症状に対応する一方で、妊婦、授乳婦、12歳未満の小児、運転を要する方、特定の基礎疾患（高血圧、心疾患、糖尿病、緑内障、前立腺肥大症、消化性潰瘍、肝・腎機能障害など）を持つ患者には不適格な成分が多数含まれています。これらの患者には、より安全性の高い代替品・代替成分の提案が必須です。<br>・<b>妊婦・授乳婦</b>：解熱鎮痛にはアセトアミノフェン単剤（例：タイレノールAなど）、鼻症状には非鎮静性抗ヒスタミン薬（医師・薬剤師に相談の上）、または漢方薬（例：葛根湯など、ただし配合生薬に注意）。<br>・<b>運転を要する方</b>：眠気を催す成分（d-クロルフェニラミンマレイン酸塩、ジヒドロコデインリン酸塩）を含まない製品。解熱鎮痛にはアセトアミノフェン単剤やイブプロフェン単剤（ただし、めまい等に注意）。鼻症状には非鎮静性抗ヒスタミン薬や点鼻薬。<br>・<b>基礎疾患をお持ちの方</b>：疾患に応じて、各成分の禁忌・慎重投与を避けた単剤療法を推奨します。例えば、高血圧や心疾患にはdl-メチルエフェドリン塩酸塩を含まない製品、消化性潰瘍にはNSAIDs（イブプロフェン）を含まないアセトアミノフェン単剤など。<br>・<b>12歳未満の小児</b>：ジヒドロコデインリン酸塩が禁忌であるため、この製品は使用できません。小児用の解熱鎮痛剤（アセトアミノフェン）や、小児用感冒薬を推奨します。,【現場_服薬指導エビデンス】<br>・<b>妊婦・授乳婦</b>：<br> ・<b>イブプロフェン</b>：妊娠後期（28週以降）は、胎児の動脈管収縮、肺高血圧、腎機能障害を引き起こす可能性があるため禁忌です。妊娠初期・中期も、可能な限り使用を避けるべきです。授乳中は乳汁中に移行しますが、通常用量での乳児への影響は少ないとされています。ただし、長期間・大量の使用は避けるべきです。<br> ・<b>アセトアミノフェン</b>：妊娠中の解熱鎮痛剤として、比較的安全性が高いとされ、第一選択薬の一つです。ただし、必要最小限の使用に留めるべきです。授乳中も乳汁中に移行しますが、通常用量での乳児への影響は少ないとされています。<br> ・<b>d-クロルフェニラミンマレイン酸塩</b>：催奇形性に関する明確な報告は少ないですが、妊娠後期に母体へ使用した場合、新生児に神経過敏や振戦、筋緊張亢進などの影響を与える可能性があるため、使用は避けるべきです。授乳中は乳汁中に移行し、乳児に眠気や興奮、抗コリン作用（口渇、便秘）を引き起こす可能性があります。また、乳汁分泌を抑制する可能性もあるため、使用は避けるべきです。<br> ・<b>dl-メチルエフェドリン塩酸塩</b>：血管収縮作用により胎盤血流に影響を与える可能性があり、胎児への影響が懸念されるため、使用は避けるべきです。授乳中は乳汁中に移行し、乳児に興奮、不眠、頻脈などの刺激作用を引き起こす可能性があるため、使用は避けるべきです。<br> ・<b>ジヒドロコデインリン酸塩</b>：妊娠後期に連用すると、新生児に呼吸抑制や離脱症状（振戦、過敏性）を引き起こす可能性があるため、使用は避けるべきです。授乳中は乳汁中に移行し、乳児に呼吸抑制、傾眠、哺乳力低下などの重篤な副作用を引き起こす可能性があります。特にCYP2D6超高速代謝者の母乳を介した乳児への影響が報告されているため、使用は避けるべきです。<br> ・<b>グリチルリチン酸</b>：大量摂取により偽アルドステロン症を引き起こす可能性があり、浮腫や高血圧を悪化させる懸念があるため、注意が必要です。授乳中は通常量であれば乳児への影響は少ないとされています。<br> ・<b>無水カフェイン</b>：過剰摂取は流産、低出生体重児のリスクを高める可能性が指摘されているため、摂取量を制限すべきです。授乳中は乳汁中に移行し、乳児に不眠、興奮、神経過敏などを引き起こす可能性があるため、摂取量を制限すべきです。<br> ・<b>アスコルビン酸カルシウム</b>：妊娠中・授乳中ともに、通常の摂取量であれば安全に使用できます。<br> ・<b>ヘスペリジン</b>：妊娠中・授乳中ともに、通常の摂取量であれば安全に使用できます。<br>・<b>運転・操作</b>：<br> ・<b>イブプロフェン</b>：眠気は比較的少ないですが、めまいやふらつき、視覚障害などが報告されているため、運転や危険を伴う機械の操作は避けるべきです。<br> ・<b>アセトアミノフェン</b>：通常、眠気を催すことはありませんが、体調の変化には注意が必要です。<br> ・<b>d-クロルフェニラミンマレイン酸塩</b>：強い眠気を催すことがあるため、服用中は運転や危険を伴う機械の操作は絶対に避けるべきです。<br> ・<b>dl-メチルエフェドリン塩酸塩</b>：興奮、不眠、めまいなどの精神神経症状を引き起こす可能性があるため、運転や危険を伴う機械の操作には注意が必要です。<br> ・<b>ジヒドロコデインリン酸塩</b>：眠気、めまい、ふらつき、視覚障害などを催すことがあるため、服用中は運転や危険を伴う機械の操作は絶対に避けるべきです。<br> ・<b>グリチルリチン酸</b>：運転や機械操作に影響を及ぼすことは通常ありません。<br> ・<b>無水カフェイン</b>：眠気軽減効果がありますが、過剰摂取や体質によっては興奮、めまい、動悸などを引き起こす可能性があるため、注意が必要です。<br> ・<b>アスコルビン酸カルシウム</b>：運転や機械操作に影響を及ぼすことは通常ありません。<br> ・<b>ヘスペリジン</b>：運転や機械操作に影響を及ぼすことは通常ありません。<br>・<b>禁忌・受診勧奨</b>：<br> ・<b>イブプロフェン</b>：消化性潰瘍の既往歴がある方、重度の血液異常、肝機能障害、腎機能障害、心機能障害、高血圧症、アスピリン喘息またはその既往歴がある方、15歳未満の小児、妊娠後期の方は禁忌です。服用中に消化器症状、浮腫、血圧上昇などの異常が見られた場合は、直ちに医療機関を受診するよう勧奨してください。<br> ・<b>アセトアミノフェン</b>：重度の肝機能障害がある方は禁忌です。服用中に発疹、かゆみ、黄疸などの異常が見られた場合は、直ちに医療機関を受診するよう勧奨してください。<br> ・<b>d-クロルフェニラミンマレイン酸塩</b>：緑内障、前立腺肥大症、甲状腺機能亢進症、てんかん、重症筋無力症の方は慎重投与または禁忌となる場合があります。服用中に排尿困難、眼圧上昇、口渇などの症状が悪化した場合は、医療機関を受診するよう勧奨してください。<br> ・<b>dl-メチルエフェドリン塩酸塩</b>：高血圧症、心疾患（狭心症、不整脈など）、糖尿病、甲状腺機能亢進症、緑内障、前立腺肥大症の方は禁忌または慎重投与です。服用中に動悸、血圧上昇、排尿困難などの症状が見られた場合は、医療機関を受診するよう勧奨してください。<br> ・<b>ジヒドロコデインリン酸塩</b>：12歳未満の小児、重篤な呼吸抑制がある方、喘息発作中の方、頭部外傷や脳腫瘍がある方、アルコール中毒の方は禁忌です。服用中に呼吸困難、意識障害、便秘などの症状が見られた場合は、医療機関を受診するよう勧奨してください。<br> ・<b>グリチルリチン酸</b>：偽アルドステロン症、ミオパチーの既往歴がある方は慎重投与です。服用中に浮腫、血圧上昇、低カリウム血症による脱力感などの症状が見られた場合は、医療機関を受診するよう勧奨してください。<br> ・<b>無水カフェイン</b>：心疾患、胃潰瘍、緑内障、不眠症の方は慎重投与です。服用中に動悸、不眠、胃痛などの症状が見られた場合は、医療機関を受診するよう勧奨してください。<br> ・<b>アスコルビン酸カルシウム</b>：特段の禁忌はありませんが、腎結石の既往がある方は大量摂取に注意が必要です。<br> ・<b>ヘスペリジン</b>：特段の禁忌はありません。<br>・<b>相互作用</b>：<br> ・<b>イブプロフェン</b>：他のNSAIDs（非ステロイド性抗炎症薬）との併用で消化器症状や腎機能障害のリスクが増加します。抗凝固薬（ワルファリンなど）、抗血小板薬（アスピリンなど）との併用で出血リスクが増大します。SSRI（選択的セロトニン再取り込み阻害薬）との併用も消化管出血リスクを高める可能性があります。ACE阻害薬、ARB、利尿薬との併用で降圧作用の減弱や腎機能障害のリスクがあります。メトトレキサート、リチウムの血中濃度を上昇させる可能性があります。アルコールとの併用で消化器症状や肝機能障害のリスクが増大します。<br> ・<b>アセトアミノフェン</b>：アルコールとの併用で肝機能障害のリスクが増大します。ワルファリンとの併用で、長期高用量の場合に抗凝固作用を増強する可能性があります。<br> ・<b>d-クロルフェニラミンマレイン酸塩</b>：アルコール、中枢神経抑制剤（鎮静剤、睡眠薬、抗不安薬など）との併用で、鎮静作用や眠気が増強されます。MAO阻害薬との併用で抗コリン作用が増強される可能性があります。<br> ・<b>dl-メチルエフェドリン塩酸塩</b>：MAO阻害薬との併用で血圧上昇などの重篤な副作用を引き起こす可能性があります。甲状腺ホルモン製剤、カテコールアミン製剤、三環系抗うつ薬、選択的セロトニン再取り込み阻害薬（SSRI）などとの併用で、交感神経刺激作用が増強される可能性があります。<br> ・<b>ジヒドロコデインリン酸塩</b>：アルコール、中枢神経抑制剤（鎮静剤、睡眠薬、抗不安薬、抗精神病薬など）との併用で、呼吸抑制や鎮静作用が著しく増強されます。MAO阻害薬との併用で、中枢神経系への影響が増強される可能性があります。<br> ・<b>グリチルリチン酸</b>：利尿剤（フロセミド、チアジド系）との併用で低カリウム血症を増悪させる可能性があります。ステロイド薬との併用で偽アルドステロン症のリスクが増加する可能性があります。<br> ・<b>無水カフェイン</b>：エフェドリン類（dl-メチルエフェドリンなど）との併用で中枢刺激作用が増強されます。MAO阻害薬、シメチジン、経口避妊薬、キノロン系抗菌薬との併用でカフェインの代謝が抑制され、作用が増強される可能性があります。<br> ・<b>アスコルビン酸カルシウム</b>：鉄剤の吸収を促進する可能性があります。大量摂取は尿酸排泄を阻害する可能性があります。<br> ・<b>ヘスペリジン</b>：特段の重要な相互作用は報告されていません。<br>・<b>濫用・MOH</b>：<br> ・<b>イブプロフェン</b>：長期連用や過量使用により薬剤乱用頭痛（MOH: Medication Overuse Headache）を引き起こすリスクがあります。アッパー/ダウナー分類では、鎮痛作用が主であり、乱用による精神作用は限定的です。<br> ・<b>アセトアミノフェン</b>：長期連用や過量使用により薬剤乱用頭痛（MOH）を引き起こすリスクがあります。アッパー/ダウナー分類では、鎮痛作用が主であり、乱用による精神作用は限定的です。<br> ・<b>d-クロルフェニラミンマレイン酸塩</b>：抗コリン作用によるせん妄や幻覚作用を目的とした乱用報告が稀にあります。アッパー/ダウナー分類では、ダウナー作用（鎮静）が主です。<br> ・<b>dl-メチルエフェドリン塩酸塩</b>：覚醒作用や多幸感を目的とした乱用の可能性があります。アッパー/ダウナー分類では、アッパー作用（興奮）が主です。<br> ・<b>ジヒドロコデインリン酸塩</b>：オピオイド系の成分であり、精神的・身体的依存性を形成するリスクがあります。多幸感や鎮静作用を目的とした乱用が報告されています。長期連用や過量使用により薬剤乱用頭痛（MOH）を引き起こすリスクもあります。アッパー/ダウナー分類では、ダウナー作用（鎮静）が主です。<br> ・<b>グリチルリチン酸</b>：乱用や薬剤乱用頭痛のリスクは報告されていません。<br> ・<b>無水カフェイン</b>：覚醒作用や集中力向上を目的とした乱用や、カフェイン依存による離脱症状（頭痛、倦怠感）が報告されています。長期連用や過量使用により薬剤乱用頭痛（MOH）のリスクもあります。アッパー/ダウナー分類では、アッパー作用（興奮）が主です。<br> ・<b>アスコルビン酸カルシウム</b>：乱用や薬剤乱用頭痛のリスクは報告されていません。<br> ・<b>ヘスペリジン</b>：乱用や薬剤乱用頭痛のリスクは報告されていません。<br>・<b>ドーピング・毒性</b>：<br> ・<b>イブプロフェン</b>：世界アンチ・ドーピング機構（WADA）の禁止物質ではありません。中毒量・致死量等の詳細はPoisindex等の一次資料を参照してください。<br> ・<b>アセトアミノフェン</b>：WADAの禁止物質ではありません。中毒量・致死量等の詳細はPoisindex等の一次資料を参照してください。<br> ・<b>d-クロルフェニラミンマレイン酸塩</b>：WADAの禁止物質ではありません。中毒量・致死量等の詳細はPoisindex等の一次資料を参照してください。<br> ・<b>dl-メチルエフェドリン塩酸塩</b>：WADAの禁止物質リストにおいて、競技会時に『興奮剤』として禁止されています。中毒量・致死量等の詳細はPoisindex等の一次資料を参照してください。<br> ・<b>ジヒドロコデインリン酸塩</b>：WADAの禁止物質リストにおいて、競技会時に『麻薬』として禁止されています（閾値あり）。中毒量・致死量等の詳細はPoisindex等の一次資料を参照してください。<br> ・<b>グリチルリチン酸</b>：WADAの禁止物質ではありません。中毒量・致死量等の詳細はPoisindex等の一次資料を参照してください。<br> ・<b>無水カフェイン</b>：WADAの禁止物質ではありません（過去に禁止物質でしたが、現在は監視プログラム対象）。中毒量・致死量等の詳細はPoisindex等の一次資料を参照してください。<br> ・<b>アスコルビン酸カルシウム</b>：WADAの禁止物質ではありません。中毒量・致死量等の詳細はPoisindex等の一次資料を参照してください。<br> ・<b>ヘスペリジン</b>：WADAの禁止物質ではありません。中毒量・致死量等の詳細はPoisindex等の一次資料を参照してください。,"{""成分マトリックス"":[{""成分名"":""イブプロフェン"",""妊婦・授乳婦"":{""判定"":""✕"",""備考"":""(妊娠: C / D (妊娠後期) / 授乳: 安全（L1相当）) 授乳中は母乳移行が極めて少なく安全（L1）。妊娠初期〜中期は有益性投与（C）だが、妊娠後期（28週以降）は動脈管収縮リスクのため禁忌（D）。""},""運転・操作"":{""判定"":""ー"",""備考"":""眠気は比較的少ないですが、めまいやふらつき、視覚障害などが報告されているため、運転や危険を伴う機械の操作は避けるべきです。""},""禁忌・受診勧奨"":{""判定"":""✕"",""備考"":""消化性潰瘍の既往歴がある方、重度の血液異常、肝機能障害、腎機能障害、心機能障害、高血圧症、アスピリン喘息またはその既往歴がある方、15歳未満の小児、妊娠後期の方は禁忌です。服用中に消化器症状、浮腫、血圧上昇などの異常が見られた場合は、直ちに医療機関を受診するよう勧奨してください。""},""相互作用"":{""判定"":""△"",""備考"":""他のNSAIDs（非ステロイド性抗炎症薬）との併用で消化器症状や腎機能障害のリスクが増加します。抗凝固薬（ワルファリンなど）、抗血小板薬（アスピリンなど）との併用で出血リスクが増大します。SSRI（選択的セロトニン再取り込み阻害薬）との併用も消化管出血リスクを高める可能性があります。ACE阻害薬、ARB、利尿薬との併用で降圧作用の減弱や腎機能障害のリスクがあります。メトトレキサート、リチウムの血中濃度を上昇させる可能性があります。アルコールとの併用で消化器症状や肝機能障害のリスクが増大します。""},""濫用・MOH"":{""判定"":""△"",""備考"":""長期連用や過量使用により薬剤乱用頭痛（MOH: Medication Overuse Headache）を引き起こすリスクがあります。アッパー/ダウナー分類では、鎮痛作用が主であり、乱用による精神作用は限定的です。""},""ドーピング・毒性"":{""判定"":""〇"",""備考"":""世界アンチ・ドーピング機構（WADA）の禁止物質ではありません。中毒量・致死量等の詳細はPoisindex等の一次資料を参照してください。""}},{""成分名"":""アセトアミノフェン"",""妊婦・授乳婦"":{""判定"":""〇"",""備考"":""(妊娠: A / 授乳: 安全（L1相当）) 妊娠全期間・授乳中を通じて第一選択となる解熱鎮痛成分。通常のOTC用量であれば母子ともに安全性が極めて高い。""},""運転・操作"":{""判定"":""〇"",""備考"":""通常、眠気を催すことはありませんが、体調の変化には注意が必要です。""},""禁忌・受診勧奨"":{""判定"":""✕"",""備考"":""重度の肝機能障害がある方は禁忌です。服用中に発疹、かゆみ、黄疸などの異常が見られた場合は、直ちに医療機関を受診するよう勧奨してください。""},""相互作用"":{""判定"":""△"",""備考"":""アルコールとの併用で肝機能障害のリスクが増大します。ワルファリンとの併用で、長期高用量の場合に抗凝固作用を増強する可能性があります。""},""濫用・MOH"":{""判定"":""△"",""備考"":""長期連用や過量使用により薬剤乱用頭痛（MOH）を引き起こすリスクがあります。アッパー/ダウナー分類では、鎮痛作用が主であり、乱用による精神作用は限定的です。""},""ドーピング・毒性"":{""判定"":""〇"",""備考"":""WADAの禁止物質ではありません。中毒量・致死量等の詳細はPoisindex等の一次資料を参照してください。""}},{""成分名"":""d-クロルフェニラミンマレイン酸塩"",""妊婦・授乳婦"":{""判定"":""〇"",""備考"":""(妊娠: A / 授乳: 相談・注意（L3相当）) 第一世代抗ヒスタミン薬のため、授乳中は乳児の傾眠・過鎮静リスクに注意。妊婦には比較的安全（A）だが、現場ではインシデント防止も含め、フェキソフェナジン等の第二世代への変更が望ましい。""},""運転・操作"":{""判定"":""✕"",""備考"":""強い眠気を催すことがあるため、服用中は運転や危険を伴う機械の操作は絶対に避けるべきです。""},""禁忌・受診勧奨"":{""判定"":""✕"",""備考"":""緑内障、前立腺肥大症、甲状腺機能亢進症、てんかん、重症筋無力症の方は慎重投与または禁忌となる場合があります。服用中に排尿困難、眼圧上昇、口渇などの症状が悪化した場合は、医療機関を受診するよう勧奨してください。""},""相互作用"":{""判定"":""ー"",""備考"":""アルコール、中枢神経抑制剤（鎮静剤、睡眠薬、抗不安薬など）との併用で、鎮静作用や眠気が増強されます。MAO阻害薬との併用で抗コリン作用が増強される可能性があります。""},""濫用・MOH"":{""判定"":""△"",""備考"":""抗コリン作用によるせん妄や幻覚作用を目的とした乱用報告が稀にあります。アッパー/ダウナー分類では、ダウナー作用（鎮静）が主です。""},""ドーピング・毒性"":{""判定"":""〇"",""備考"":""WADAの禁止物質ではありません。中毒量・致死量等の詳細はPoisindex等の一次資料を参照してください。""}},{""成分名"":""dl-メチルエフェドリン塩酸塩"",""妊婦・授乳婦"":{""判定"":""✕"",""備考"":""(妊娠: A (エフェドリン類) / 授乳: 注意（L3〜L4相当）) 血管収縮作用による母乳分泌量の低下リスクあり。授乳中は可能な限り単回・短期にとどめるか、去痰薬のみの処方（カルボシステイン等）への切り替えを推奨。""},""運転・操作"":{""判定"":""△"",""備考"":""興奮、不眠、めまいなどの精神神経症状を引き起こす可能性があるため、運転や危険を伴う機械の操作には注意が必要です。""},""禁忌・受診勧奨"":{""判定"":""✕"",""備考"":""高血圧症、心疾患（狭心症、不整脈など）、糖尿病、甲状腺機能亢進症、緑内障、前立腺肥大症の方は禁忌または慎重投与です。服用中に動悸、血圧上昇、排尿困難などの症状が見られた場合は、医療機関を受診するよう勧奨してください。""},""相互作用"":{""判定"":""ー"",""備考"":""MAO阻害薬との併用で血圧上昇などの重篤な副作用を引き起こす可能性があります。甲状腺ホルモン製剤、カテコールアミン製剤、三環系抗うつ薬、選択的セロトニン再取り込み阻害薬（SSRI）などとの併用で、交感神経刺激作用が増強される可能性があります。""},""濫用・MOH"":{""判定"":""△"",""備考"":""覚醒作用や多幸感を目的とした乱用の可能性があります。アッパー/ダウナー分類では、アッパー作用（興奮）が主です。""},""ドーピング・毒性"":{""判定"":""ー"",""備考"":""WADAの禁止物質リストにおいて、競技会時に『興奮剤』として禁止されています。中毒量・致死量等の詳細はPoisindex等の一次資料を参照してください。""}},{""成分名"":""ジヒドロコデインリン酸塩"",""妊婦・授乳婦"":{""判定"":""△"",""備考"":""(妊娠: C / 授乳: 相談・注意（L3相当）) 授乳中の連用により乳児にモルヒネ中毒（傾眠・呼吸抑制等）のリスクあり。OTCの鎮咳薬として短期・単回でも授乳回避または非鎮静性成分への変更を提案する。""},""運転・操作"":{""判定"":""✕"",""備考"":""眠気、めまい、ふらつき、視覚障害などを催すことがあるため、服用中は運転や危険を伴う機械の操作は絶対に避けるべきです。""},""禁忌・受診勧奨"":{""判定"":""✕"",""備考"":""12歳未満の小児、重篤な呼吸抑制がある方、喘息発作中の方、頭部外傷や脳腫瘍がある方、アルコール中毒の方は禁忌です。服用中に呼吸困難、意識障害、便秘などの症状が見られた場合は、医療機関を受診するよう勧奨してください。""},""相互作用"":{""判定"":""ー"",""備考"":""アルコール、中枢神経抑制剤（鎮静剤、睡眠薬、抗不安薬、抗精神病薬など）との併用で、呼吸抑制や鎮静作用が著しく増強されます。MAO阻害薬との併用で、中枢神経系への影響が増強される可能性があります。""},""濫用・MOH"":{""判定"":""△"",""備考"":""オピオイド系の成分であり、精神的・身体的依存性を形成するリスクがあります。多幸感や鎮静作用を目的とした乱用が報告されています。長期連用や過量使用により薬剤乱用頭痛（MOH）を引き起こすリスクもあります。アッパー/ダウナー分類では、ダウナー作用（鎮静）が主です。""},""ドーピング・毒性"":{""判定"":""ー"",""備考"":""WADAの禁止物質リストにおいて、競技会時に『麻薬』として禁止されています（閾値あり）。中毒量・致死量等の詳細はPoisindex等の一次資料を参照してください。""}},{""成分名"":""グリチルリチン酸"",""妊婦・授乳婦"":{""判定"":""〇"",""備考"":""(妊娠: 未分類 / 授乳: 安全（L2相当）) カンゾウの主成分。通常のOTC用量であれば妊婦・授乳婦ともに安全。ただし大量・長期連用による偽アルドステロン症（血圧上昇、むくみ）には注意が必要。""},""運転・操作"":{""判定"":""〇"",""備考"":""運転や機械操作に影響を及ぼすことは通常ありません。""},""禁忌・受診勧奨"":{""判定"":""△"",""備考"":""偽アルドステロン症、ミオパチーの既往歴がある方は慎重投与です。服用中に浮腫、血圧上昇、低カリウム血症による脱力感などの症状が見られた場合は、医療機関を受診するよう勧奨してください。""},""相互作用"":{""判定"":""△"",""備考"":""利尿剤（フロセミド、チアジド系）との併用で低カリウム血症を増悪させる可能性があります。ステロイド薬との併用で偽アルドステロン症のリスクが増加する可能性があります。""},""濫用・MOH"":{""判定"":""△"",""備考"":""乱用や薬剤乱用頭痛のリスクは報告されていません。""},""ドーピング・毒性"":{""判定"":""〇"",""備考"":""WADAの禁止物質ではありません。中毒量・致死量等の詳細はPoisindex等の一次資料を参照してください。""}},{""成分名"":""無水カフェイン"",""妊婦・授乳婦"":{""判定"":""〇"",""備考"":""(妊娠: A相当 / 授乳: 安全（L2相当）) 通常のOTC含有量（1回50mg程度）であれば妊婦・授乳婦ともに影響は少なく安全。ただし、コーヒー等からの過剰摂取（1日200〜300mg以上）には注意を促す。""},""運転・操作"":{""判定"":""△"",""備考"":""眠気軽減効果がありますが、過剰摂取や体質によっては興奮、めまい、動悸などを引き起こす可能性があるため、注意が必要です。""},""禁忌・受診勧奨"":{""判定"":""△"",""備考"":""心疾患、胃潰瘍、緑内障、不眠症の方は慎重投与です。服用中に動悸、不眠、胃痛などの症状が見られた場合は、医療機関を受診するよう勧奨してください。""},""相互作用"":{""判定"":""ー"",""備考"":""エフェドリン類（dl-メチルエフェドリンなど）との併用で中枢刺激作用が増強されます。MAO阻害薬、シメチジン、経口避妊薬、キノロン系抗菌薬との併用でカフェインの代謝が抑制され、作用が増強される可能性があります。""},""濫用・MOH"":{""判定"":""△"",""備考"":""覚醒作用や集中力向上を目的とした乱用や、カフェイン依存による離脱症状（頭痛、倦怠感）が報告されています。長期連用や過量使用により薬剤乱用頭痛（MOH）のリスクもあります。アッパー/ダウナー分類では、アッパー作用（興奮）が主です。""},""ドーピング・毒性"":{""判定"":""〇"",""備考"":""WADAの禁止物質ではありません（過去に禁止物質でしたが、現在は監視プログラム対象）。中毒量・致死量等の詳細はPoisindex等の一次資料を参照してください。""}},{""成分名"":""アスコルビン酸カルシウム"",""妊婦・授乳婦"":{""判定"":""〇"",""備考"":""(妊娠: A / 授乳: 安全（L1相当）) ビタミンCおよびカルシウム補給成分。妊婦・授乳婦ともに安全に使用可能。""},""運転・操作"":{""判定"":""〇"",""備考"":""運転や機械操作に影響を及ぼすことは通常ありません。""},""禁忌・受診勧奨"":{""判定"":""〇"",""備考"":""特段の禁忌はありませんが、腎結石の既往がある方は大量摂取に注意が必要です。""},""相互作用"":{""判定"":""ー"",""備考"":""鉄剤の吸収を促進する可能性があります。大量摂取は尿酸排泄を阻害する可能性があります。""},""濫用・MOH"":{""判定"":""△"",""備考"":""乱用や薬剤乱用頭痛のリスクは報告されていません。""},""ドーピング・毒性"":{""判定"":""〇"",""備考"":""WADAの禁止物質ではありません。中毒量・致死量等の詳細はPoisindex等の一次資料を参照してください。""}},{""成分名"":""ヘスペリジン"",""妊婦・授乳婦"":{""判定"":""〇"",""備考"":""(妊娠: 未分類 / 授乳: 安全（L1相当）) 柑橘類由来のビタミンP様成分。食品にも含まれる成分であり、妊婦・授乳婦ともに安全性は極めて高い。""},""運転・操作"":{""判定"":""〇"",""備考"":""運転や機械操作に影響を及ぼすことは通常ありません。""},""禁忌・受診勧奨"":{""判定"":""〇"",""備考"":""特段の禁忌はありません。""},""相互作用"":{""判定"":""ー"",""備考"":""特段の重要な相互作用は報告されていません。""},""濫用・MOH"":{""判定"":""△"",""備考"":""乱用や薬剤乱用頭痛のリスクは報告されていません。""},""ドーピング・毒性"":{""判定"":""〇"",""備考"":""WADAの禁止物質ではありません。中毒量・致死量等の詳細はPoisindex等の一次資料を参照してください。""}}]}"
2026/07/02 1:14:59,9,15歳未満の小児,出産予定日12週以内の妊婦は服用しないこと。授乳中の人は本剤を服用しないか、服用する場合は授乳を避けること。妊婦または妊娠していると思われる人は服用前に医師等に相談すること。,"メチルエフェドリン, ジヒドロコデイン","{""basis"":""9錠中"",""ingredients"":[{""name"":""イブプロフェン"",""id"":""D00126"",""amount"":450,""unit"":""mg""},{""name"":""クロルフェニラミンマレイン酸塩"",""id"":""D00665"",""amount"":7.5,""unit"":""mg""},{""name"":""dl-メチルエフェドリン塩酸塩"",""id"":""D02109"",""amount"":60,""unit"":""mg""},{""name"":""ジヒドロコデインリン酸塩"",""id"":""D01481"",""amount"":24,""unit"":""mg""},{""name"":""無水カフェイン"",""id"":""D00528"",""amount"":75,""unit"":""mg""},{""name"":""ヘスペリジン"",""id"":""D01038"",""amount"":90,""unit"":""mg""}]}","{""adult_dose"":""3錠×3回"",""daily_dose"":9,""prohibited_age"":""15歳未満の小児""}","{""driving_warning"":""運転禁止"",""pregnancy_warning"":""出産予定日12週以内の妊婦は服用しないこと。授乳中の人は本剤を服用しないか、服用する場合は授乳を避けること。妊婦または妊娠していると思われる人は服用前に医師等に相談すること。"",""drug_category"":""かぜ薬"",""category_limit"":7,""packages"":[{""package_type"":""30錠"",""estimated_days"":3.3,""capacity_judgment"":""小容量""},{""package_type"":""45錠"",""estimated_days"":5,""capacity_judgment"":""小容量""}]}",イブプロフェンの解熱鎮痛作用でかぜによる発熱・さむけ・頭痛・のどの痛み・関節の痛みを緩和する。6種の成分がバランスよく働き、かぜの諸症状（発熱、悪寒、頭痛、のどの痛み、関節の痛み、鼻水、鼻づまり、筋肉の痛み、せき、たん、くしゃみ）を緩和。柑橘類などに含まれるヘスペリジンを配合した、のみやすい小型の白色～帯黄白色の円形錠剤。,ベンザブロックIP錠,〇,-,"【⚠️レッドフラッグあり：現場確認必須】

【イブプロフェン】(妊娠: C / D (妊娠後期) / 授乳: 安全（L1相当）)
授乳中は母乳移行が極めて少なく安全（L1）。妊娠初期〜中期は有益性投与（C）だが、妊娠後期（28週以降）は動脈管収縮リスクのため禁忌（D）。

【クロルフェニラミンマレイン酸塩】(妊娠: A / 授乳: 相談・注意（L3相当）)
授乳中の使用は可能だが、第一世代抗ヒスタミン薬のため乳児の傾眠リスクに注意。妊婦には比較的安全（A）だが、可能な限りフェキソフェナジン等の第二世代への変更が望ましい。

【dl-メチルエフェドリン塩酸塩】(妊娠: A (エフェドリン類) / 授乳: 注意（L3〜L4相当）)
血管収縮作用による母乳分泌量の低下リスクあり。授乳中は可能な限り単回・短期にとどめるか、去痰薬のみの処方（カルボシステイン等）への切り替えを推奨。

【ジヒドロコデインリン酸塩】(妊娠: C / 授乳: 相談・注意（L3相当）)
授乳中の連用により乳児にモルヒネ中毒（傾眠・呼吸抑制等）のリスクあり。OTCの鎮咳薬として短期・単回でも授乳回避または非鎮静性成分への変更を提案する。

【無水カフェイン】(妊娠: A相当 / 授乳: 安全（L2相当）)
通常のOTC含有量（1回50mg程度）であれば妊婦・授乳婦ともに影響は少なく安全。ただし、コーヒー等からの過剰摂取（1日200〜300mg以上）には注意を促す。

【ヘスペリジン】(妊娠: 未分類 / 授乳: 安全（L1相当）)
柑橘類由来のビタミンP様成分。食品にも含まれる成分であり、妊婦・授乳婦ともに安全性は極めて高い。",【現場_代替薬提案】<br>ベンザブロックIP錠は、イブプロフェン（NSAIDs）、抗ヒスタミン薬（クロルフェニラミン）、鎮咳薬（ジヒドロコデイン）、交感神経刺激薬（dl-メチルエフェドリン）など、複数の作用を持つ成分が配合された総合感冒薬です。これらの成分は、妊婦・授乳婦、運転者、特定の基礎疾患を持つ患者さんにおいて、禁忌や慎重投与となるケースが多いため、推奨できません。<br>対象患者さんのニーズに合わせた、より安全性の高い代替品・代替成分を提案することが重要です。<br>・<b>妊婦・授乳婦</b>：アセトアミノフェン単剤（解熱鎮痛）、葛根湯（感冒初期）など、単一成分で安全性が確立されているもの。<br>・<b>運転者</b>：眠気を誘発する抗ヒスタミン薬や鎮咳薬、中枢神経刺激薬を含まない、アセトアミノフェン単剤や漢方薬など。<br>・<b>基礎疾患（高血圧、心疾患、糖尿病、甲状腺機能亢進症、緑内障、前立腺肥大、消化性潰瘍、喘息、腎機能障害、肝機能障害など）</b>：アセトアミノフェン単剤、または症状を絞り、各疾患に禁忌や慎重投与とならない成分を選択する。例えば、NSAIDs喘息の既往がある場合はアセトアミノフェンを、高血圧や心疾患がある場合は交感神経刺激薬を含まない製剤を選ぶ。必ず薬剤師が患者さんの既往歴や併用薬を詳細に確認し、適切なアドバイスを行うか、医療機関への受診を勧める必要があります。,【現場_服薬指導エビデンス】<br>・<b>妊婦・授乳婦</b>：<br> ・<b>イブプロフェン</b>：妊婦には妊娠後期（妊娠28週以降）で禁忌です。動脈管早期閉鎖、羊水過少症、胎児腎機能障害のリスクがあります。妊娠初期・中期も、治療上の有益性が危険性を上回る場合にのみ慎重に投与されます。成育医療研究センターの評価では、妊娠後期は『L5（禁忌）』、妊娠初期・中期の使用は『L3（危険性を否定できない）』とされています。授乳婦には比較的安全とされていますが、本製品は複合剤であり、他の成分の影響も考慮し避けるのが望ましいです。成育医療研究センターの評価では『L2（比較的安全）』とされています。<br> ・<b>クロルフェニラミンマレイン酸塩</b>：妊婦には、妊娠初期の器官形成期における使用は避けることが望ましいです。妊娠後期では、新生児に傾眠、易刺激性、振戦などの影響を与える可能性が報告されています。成育医療研究センターの評価では『L3（危険性を否定できない）』とされています。授乳婦には、乳汁移行し新生児に眠気、興奮、抗コリン作用（哺乳力低下など）を引き起こす可能性があるため、授乳中は避けることが望ましいです。成育医療研究センターの評価では『L3（危険性を否定できない）』とされています。<br> ・<b>dl-メチルエフェドリン塩酸塩</b>：妊婦には、血管収縮作用により胎盤血流が減少する可能性があり、妊娠中の使用は避けることが望ましいです。成育医療研究センターの評価では『L3（危険性を否定できない）』とされています。授乳婦には、乳汁移行し乳児に興奮、不眠、易刺激性などの影響を与える可能性があるため、授乳中は避けることが望ましいです。成育医療研究センターの評価では『L3（危険性を否定できない）』とされています。<br> ・<b>ジヒドロコデインリン酸塩</b>：妊婦には、妊娠初期の器官形成期における使用は避けることが望ましいです。妊娠後期での連用は、新生児に離脱症状（振戦、興奮、痙攣など）を引き起こす可能性があります。成育医療研究センターの評価では『L3（危険性を否定できない）』とされています。授乳婦には、乳汁移行し乳児に呼吸抑制、傾眠などの重篤な副作用を引き起こす可能性があるため、禁忌です。特にCYP2D6の超高速代謝者（Ultra-rapid metabolizer）の母乳を介した乳児死亡例も報告されています。成育医療研究センターの評価では『L5（禁忌）』とされています。<br> ・<b>無水カフェイン</b>：妊婦には、大量摂取は胎児発育遅延や流産のリスクを高める可能性が指摘されており、過剰摂取を避けるべきです。本製品のカフェイン量は比較的少ないですが、他のカフェイン含有食品・飲料との併用には注意が必要です。成育医療研究センターの評価では『L2（比較的安全）』とされていますが、総合感冒薬としての使用は推奨されません。授乳婦には、乳汁移行し乳児に興奮、不眠、易刺激性などを引き起こす可能性があるため、授乳中は避けることが望ましいです。成育医療研究センターの評価では『L2（比較的安全）』とされていますが、総合感冒薬としての使用は推奨されません。<br> ・<b>ヘスペリジン</b>：妊婦・授乳婦ともに、安全性に関する十分なデータがないため、使用は避けることが望ましいです。<br>・<b>運転・操作</b>：<br> ・<b>クロルフェニラミンマレイン酸塩</b>：抗ヒスタミン作用により、眠気、集中力低下、判断力低下を引き起こす可能性があるため、服用中は自動車の運転や機械の操作をしないよう指導してください。<br> ・<b>dl-メチルエフェドリン塩酸塩</b>：中枢神経刺激作用により、めまい、興奮、不眠などを引き起こす可能性があります。<br> ・<b>ジヒドロコデインリン酸塩</b>：中枢神経抑制作用により、眠気、めまい、ふらつきを引き起こす可能性があるため、服用中は自動車の運転や機械の操作をしないよう指導してください。<br> ・<b>無水カフェイン</b>：覚醒作用がありますが、他の成分の鎮静作用を完全に打ち消すものではなく、カフェインによる神経過敏や振戦も運転に影響を与える可能性があります。<br> ・<b>総合的な判断</b>：本製品は眠気を誘発する成分（クロルフェニラミン、ジヒドロコデイン）を含んでおり、服用中は自動車の運転や機械の操作は禁忌です。<br>・<b>禁忌・受診勧奨</b>：<br> ・<b>イブプロフェン</b>：消化性潰瘍の既往または現病歴のある患者、重篤な血液の異常、肝機能障害、腎機能障害、心機能不全、高血圧症、アスピリン喘息またはその既往歴のある患者は禁忌または慎重投与です。妊娠後期（28週以降）の妊婦は禁忌です。<br> ・<b>クロルフェニラミンマレイン酸塩</b>：緑内障、前立腺肥大症など排尿困難のある患者は抗コリン作用により症状が悪化する可能性があるため禁忌または慎重投与です。てんかん、甲状腺機能亢進症、高血圧、心疾患、糖尿病の患者は慎重投与です。<br> ・<b>dl-メチルエフェドリン塩酸塩</b>：甲状腺機能亢進症、高血圧症、心疾患、糖尿病の患者は交感神経刺激作用により症状が悪化する可能性があるため禁忌または慎重投与です。緑内障、前立腺肥大症の患者も慎重投与です。<br> ・<b>ジヒドロコデインリン酸塩</b>：重篤な呼吸抑制のある患者、喘息発作中の患者、頭部外傷や脳腫瘍など頭蓋内圧亢進のある患者は禁忌です。緑内障、前立腺肥大症、肝機能障害、腎機能障害、心疾患、てんかんの患者は慎重投与です。<br> ・<b>無水カフェイン</b>：心疾患、胃潰瘍、緑内障、てんかんの患者は慎重投与です。<br> ・<b>ヘスペリジン</b>：特に禁忌となる基礎疾患は報告されていませんが、複合剤としてのリスクを考慮してください。<br> ・<b>受診勧奨</b>：症状が改善しない場合、悪化する場合、または副作用（特に呼吸困難、意識障害、消化器出血、重篤な皮膚症状など）が発現した場合は、速やかに医療機関を受診するよう指導してください。<br>・<b>相互作用</b>：<br> ・<b>イブプロフェン</b>：ワルファリン等の抗凝固薬（出血傾向増強）、メトトレキサート・リチウム（血中濃度上昇、毒性増強）、SSRI（消化管出血リスク増大）、他のNSAIDs（副作用増強）、降圧薬（降圧作用減弱、腎機能悪化）、ステロイド（消化性潰瘍リスク増大）との併用に注意が必要です。<br> ・<b>クロルフェニラミンマレイン酸塩</b>：アルコールや鎮静剤、睡眠薬、抗不安薬、抗うつ薬などの中枢神経抑制薬との併用で眠気や鎮静作用が増強します。三環系抗うつ薬、MAO阻害薬、フェノチアジン系薬剤など抗コリン作用を有する薬剤との併用で口渇、便秘、排尿困難などの抗コリン作用が増強します。<br> ・<b>dl-メチルエフェドリン塩酸塩</b>：MAO阻害薬との併用は高血圧クリーゼのリスクがあるため禁忌です（MAO阻害薬服用中または服用中止後2週間以内）。甲状腺ホルモン製剤、カテコールアミン製剤、キサンチン系製剤との併用で作用が増強します。降圧薬の作用を減弱させる可能性があります。<br> ・<b>ジヒドロコデインリン酸塩</b>：アルコールや鎮静剤、睡眠薬、抗不安薬、抗うつ薬などの中枢神経抑制薬との併用で呼吸抑制、鎮静作用が増強します。抗コリン作用を有する薬剤との併用で便秘、排尿困難などの抗コリン作用が増強します。SSRIとの併用でセロトニン症候群のリスクがあります。CYP2D6阻害薬（パロキセチン、フルボキサミン、キニジンなど）との併用で鎮痛作用減弱や副作用増強の可能性があり、CYP2D6誘導薬（リファンピシン、カルバマゼピンなど）との併用で鎮痛作用減弱の可能性があります。<br> ・<b>無水カフェイン</b>：MAO阻害薬、他のキサンチン系製剤（テオフィリンなど）との併用で中枢神経刺激作用、心刺激作用が増強します。シメチジン、経口避妊薬、エノキサシンはカフェインの代謝を阻害し、作用を増強する可能性があります。<br> ・<b>アルコール</b>：本製品に含まれる中枢神経抑制作用を持つ成分（クロルフェニラミン、ジヒドロコデイン）により、眠気や鎮静作用が強く現れる可能性があるため、服用中はアルコールの摂取を避けるよう指導してください。イブプロフェンとの併用で消化器障害のリスクも高まります。<br>・<b>濫用・MOH</b>：<br> ・<b>ジヒドロコデインリン酸塩</b>：オピオイド系鎮咳薬であり、連用により精神的・身体的依存を形成する可能性があります。高用量での使用や長期連用は、多幸感や鎮静作用を目的とした乱用のリスクがあります。『ダウナー系』の作用を持ちます。<br> ・<b>dl-メチルエフェドリン塩酸塩</b>：交感神経刺激作用により、高用量で興奮、多幸感を引き起こす可能性があります。乱用薬物（覚せい剤）と化学構造が類似しており、乱用のリスクがあります。『アッパー系』の作用を持ちます。<br> ・<b>無水カフェイン</b>：連用により精神的依存を形成する可能性があります。離脱症状として頭痛、倦怠感、集中力低下などがあります。<br> ・<b>薬剤乱用頭痛（MOH: Medication Overuse Headache）</b>：イブプロフェン、ジヒドロコデイン、カフェインを含む複合鎮痛薬の長期・頻回使用は、薬剤乱用頭痛を引き起こすリスクが高いです。特に週3日以上の服用が3ヶ月以上続く場合はMOHを疑い、患者さんには症状の改善が見られない場合や、服用頻度が増加する場合は医師の診察を受けるよう指導してください。<br>・<b>ドーピング・毒性</b>：<br> ・<b>イブプロフェン</b>：WADA（世界アンチ・ドーピング機構）禁止薬物リストには掲載されていません。競技会時および競技会外ともに使用可能です。<br> ・<b>毒性</b>：【要確認】中毒量・致死量等の詳細はPoisindex等の一次資料を参照。一般的な成人では、単回大量摂取（100mg/kg以上）で胃腸症状、中枢神経症状（傾眠、めまい、痙攣）、腎機能障害、肝機能障害などが現れる可能性があります。<br> ・<b>クロルフェニラミンマレイン酸塩</b>：WADA禁止薬物リストには掲載されていません。競技会時および競技会外ともに使用可能です。<br> ・<b>毒性</b>：【要確認】中毒量・致死量等の詳細はPoisindex等の一次資料を参照。過量摂取で中枢神経抑制（傾眠、昏睡）または興奮、抗コリン作用（口渇、散瞳、頻脈、尿閉）、痙攣などが現れる可能性があります。<br> ・<b>dl-メチルエフェドリン塩酸塩</b>：WADA禁止薬物リストの『S6. 特定刺激薬』に該当します。競技会時のみ禁止です。競技会外は使用可能ですが、競技会時でも治療目的のTUE（治療使用特例）申請が認められる場合があります。<br> ・<b>毒性</b>：【要確認】中毒量・致死量等の詳細はPoisindex等の一次資料を参照。過量摂取で中枢神経興奮（不安、振戦、痙攣）、高血圧、頻脈、不整脈、心筋虚血などが現れる可能性があります。<br> ・<b>ジヒドロコデインリン酸塩</b>：WADA禁止薬物リストの『S7. 麻薬』に該当します。競技会時および競技会外ともに禁止です。<br> ・<b>毒性</b>：【要確認】中毒量・致死量等の詳細はPoisindex等の一次資料を参照。過量摂取で呼吸抑制、意識障害、縮瞳、低血圧、徐脈などが現れる可能性があります。<br> ・<b>無水カフェイン</b>：WADA禁止薬物リストには掲載されていません。競技会時および競技会外ともに使用可能です。ただし、一部の競技団体では高用量での使用が制限される場合があるため、個別の競技規約を確認するよう指導してください。<br> ・<b>毒性</b>：【要確認】中毒量・致死量等の詳細はPoisindex等の一次資料を参照。一般的に、成人で単回500mg以上、または1日1000mg以上の摂取でカフェイン中毒症状（神経過敏、不眠、頻脈、不整脈、消化器症状、振戦など）が現れる可能性があります。致死量は個人差が大きいですが、成人で数g以上とされることが多いです。<br> ・<b>ヘスペリジン</b>：WADA禁止薬物リストには掲載されていません。競技会時および競技会外ともに使用可能です。<br> ・<b>毒性</b>：【要確認】中毒量・致死量等の詳細はPoisindex等の一次資料を参照。一般的に毒性は低いとされています。,"{""成分マトリックス"":[{""成分名"":""イブプロフェン"",""妊婦・授乳婦"":{""判定"":""✕"",""備考"":""(妊娠: C / D (妊娠後期) / 授乳: 安全（L1相当）) 授乳中は母乳移行が極めて少なく安全（L1）。妊娠初期〜中期は有益性投与（C）だが、妊娠後期（28週以降）は動脈管収縮リスクのため禁忌（D）。""},""禁忌・受診勧奨"":{""判定"":""✕"",""備考"":""消化性潰瘍の既往または現病歴のある患者、重篤な血液の異常、肝機能障害、腎機能障害、心機能不全、高血圧症、アスピリン喘息またはその既往歴のある患者は禁忌または慎重投与です。妊娠後期（28週以降）の妊婦は禁忌です。""},""相互作用"":{""判定"":""△"",""備考"":""ワルファリン等の抗凝固薬（出血傾向増強）、メトトレキサート・リチウム（血中濃度上昇、毒性増強）、SSRI（消化管出血リスク増大）、他のNSAIDs（副作用増強）、降圧薬（降圧作用減弱、腎機能悪化）、ステロイド（消化性潰瘍リスク増大）との併用に注意が必要です。""},""ドーピング・毒性"":{""判定"":""ー"",""備考"":""WADA（世界アンチ・ドーピング機構）禁止薬物リストには掲載されていません。競技会時および競技会外ともに使用可能です。""}},{""成分名"":""クロルフェニラミンマレイン酸塩"",""妊婦・授乳婦"":{""判定"":""〇"",""備考"":""(妊娠: A / 授乳: 相談・注意（L3相当）) 授乳中の使用は可能だが、第一世代抗ヒスタミン薬のため乳児の傾眠リスクに注意。妊婦には比較的安全（A）だが、可能な限りフェキソフェナジン等の第二世代への変更が望ましい。""},""運転・操作"":{""判定"":""ー"",""備考"":""抗ヒスタミン作用により、眠気、集中力低下、判断力低下を引き起こす可能性があるため、服用中は自動車の運転や機械の操作をしないよう指導してください。""},""禁忌・受診勧奨"":{""判定"":""✕"",""備考"":""緑内障、前立腺肥大症など排尿困難のある患者は抗コリン作用により症状が悪化する可能性があるため禁忌または慎重投与です。てんかん、甲状腺機能亢進症、高血圧、心疾患、糖尿病の患者は慎重投与です。""},""相互作用"":{""判定"":""ー"",""備考"":""アルコールや鎮静剤、睡眠薬、抗不安薬、抗うつ薬などの中枢神経抑制薬との併用で眠気や鎮静作用が増強します。三環系抗うつ薬、MAO阻害薬、フェノチアジン系薬剤など抗コリン作用を有する薬剤との併用で口渇、便秘、排尿困難などの抗コリン作用が増強します。""},""ドーピング・毒性"":{""判定"":""ー"",""備考"":""WADA禁止薬物リストには掲載されていません。競技会時および競技会外ともに使用可能です。""}},{""成分名"":""dl-メチルエフェドリン塩酸塩"",""妊婦・授乳婦"":{""判定"":""✕"",""備考"":""(妊娠: A (エフェドリン類) / 授乳: 注意（L3〜L4相当）) 血管収縮作用による母乳分泌量の低下リスクあり。授乳中は可能な限り単回・短期にとどめるか、去痰薬のみの処方（カルボシステイン等）への切り替えを推奨。""},""運転・操作"":{""判定"":""ー"",""備考"":""中枢神経刺激作用により、めまい、興奮、不眠などを引き起こす可能性があります。""},""禁忌・受診勧奨"":{""判定"":""✕"",""備考"":""甲状腺機能亢進症、高血圧症、心疾患、糖尿病の患者は交感神経刺激作用により症状が悪化する可能性があるため禁忌または慎重投与です。緑内障、前立腺肥大症の患者も慎重投与です。""},""相互作用"":{""判定"":""✕"",""備考"":""MAO阻害薬との併用は高血圧クリーゼのリスクがあるため禁忌です（MAO阻害薬服用中または服用中止後2週間以内）。甲状腺ホルモン製剤、カテコールアミン製剤、キサンチン系製剤との併用で作用が増強します。降圧薬の作用を減弱させる可能性があります。""},""濫用・MOH"":{""判定"":""△"",""備考"":""交感神経刺激作用により、高用量で興奮、多幸感を引き起こす可能性があります。乱用薬物（覚せい剤）と化学構造が類似しており、乱用のリスクがあります。『アッパー系』の作用を持ちます。""},""ドーピング・毒性"":{""判定"":""ー"",""備考"":""WADA禁止薬物リストの『S6. 特定刺激薬』に該当します。競技会時のみ禁止です。競技会外は使用可能ですが、競技会時でも治療目的のTUE（治療使用特例）申請が認められる場合があります。""}},{""成分名"":""ジヒドロコデインリン酸塩"",""妊婦・授乳婦"":{""判定"":""△"",""備考"":""(妊娠: C / 授乳: 相談・注意（L3相当）) 授乳中の連用により乳児にモルヒネ中毒（傾眠・呼吸抑制等）のリスクあり。OTCの鎮咳薬として短期・単回でも授乳回避または非鎮静性成分への変更を提案する。""},""運転・操作"":{""判定"":""ー"",""備考"":""中枢神経抑制作用により、眠気、めまい、ふらつきを引き起こす可能性があるため、服用中は自動車の運転や機械の操作をしないよう指導してください。""},""禁忌・受診勧奨"":{""判定"":""✕"",""備考"":""重篤な呼吸抑制のある患者、喘息発作中の患者、頭部外傷や脳腫瘍など頭蓋内圧亢進のある患者は禁忌です。緑内障、前立腺肥大症、肝機能障害、腎機能障害、心疾患、てんかんの患者は慎重投与です。""},""相互作用"":{""判定"":""△"",""備考"":""アルコールや鎮静剤、睡眠薬、抗不安薬、抗うつ薬などの中枢神経抑制薬との併用で呼吸抑制、鎮静作用が増強します。抗コリン作用を有する薬剤との併用で便秘、排尿困難などの抗コリン作用が増強します。SSRIとの併用でセロトニン症候群のリスクがあります。CYP2D6阻害薬（パロキセチン、フルボキサミン、キニジンなど）との併用で鎮痛作用減弱や副作用増強の可能性があり、CYP2D6誘導薬（リファンピシン、カルバマゼピンなど）との併用で鎮痛作用減弱の可能性があります。""},""濫用・MOH"":{""判定"":""△"",""備考"":""オピオイド系鎮咳薬であり、連用により精神的・身体的依存を形成する可能性があります。高用量での使用や長期連用は、多幸感や鎮静作用を目的とした乱用のリスクがあります。『ダウナー系』の作用を持ちます。""},""ドーピング・毒性"":{""判定"":""ー"",""備考"":""WADA禁止薬物リストの『S7. 麻薬』に該当します。競技会時および競技会外ともに禁止です。""}},{""成分名"":""無水カフェイン"",""妊婦・授乳婦"":{""判定"":""〇"",""備考"":""(妊娠: A相当 / 授乳: 安全（L2相当）) 通常のOTC含有量（1回50mg程度）であれば妊婦・授乳婦ともに影響は少なく安全。ただし、コーヒー等からの過剰摂取（1日200〜300mg以上）には注意を促す。""},""運転・操作"":{""判定"":""ー"",""備考"":""覚醒作用がありますが、他の成分の鎮静作用を完全に打ち消すものではなく、カフェインによる神経過敏や振戦も運転に影響を与える可能性があります。""},""禁忌・受診勧奨"":{""判定"":""△"",""備考"":""心疾患、胃潰瘍、緑内障、てんかんの患者は慎重投与です。""},""相互作用"":{""判定"":""ー"",""備考"":""MAO阻害薬、他のキサンチン系製剤（テオフィリンなど）との併用で中枢神経刺激作用、心刺激作用が増強します。シメチジン、経口避妊薬、エノキサシンはカフェインの代謝を阻害し、作用を増強する可能性があります。""},""濫用・MOH"":{""判定"":""△"",""備考"":""連用により精神的依存を形成する可能性があります。離脱症状として頭痛、倦怠感、集中力低下などがあります。""},""ドーピング・毒性"":{""判定"":""ー"",""備考"":""WADA禁止薬物リストには掲載されていません。競技会時および競技会外ともに使用可能です。ただし、一部の競技団体では高用量での使用が制限される場合があるため、個別の競技規約を確認するよう指導してください。""}},{""成分名"":""ヘスペリジン"",""妊婦・授乳婦"":{""判定"":""〇"",""備考"":""(妊娠: 未分類 / 授乳: 安全（L1相当）) 柑橘類由来のビタミンP様成分。食品にも含まれる成分であり、妊婦・授乳婦ともに安全性は極めて高い。""},""禁忌・受診勧奨"":{""判定"":""✕"",""備考"":""特に禁忌となる基礎疾患は報告されていませんが、複合剤としてのリスクを考慮してください。""},""ドーピング・毒性"":{""判定"":""ー"",""備考"":""WADA禁止薬物リストには掲載されていません。競技会時および競技会外ともに使用可能です。""}},{""成分名"":""総合的な判断"",""運転・操作"":{""判定"":""✕"",""備考"":""本製品は眠気を誘発する成分（クロルフェニラミン、ジヒドロコデイン）を含んでおり、服用中は自動車の運転や機械の操作は禁忌です。""}},{""成分名"":""受診勧奨"",""禁忌・受診勧奨"":{""判定"":""ー"",""備考"":""症状が改善しない場合、悪化する場合、または副作用（特に呼吸困難、意識障害、消化器出血、重篤な皮膚症状など）が発現した場合は、速やかに医療機関を受診するよう指導してください。""}},{""成分名"":""アルコール"",""相互作用"":{""判定"":""△"",""備考"":""本製品に含まれる中枢神経抑制作用を持つ成分（クロルフェニラミン、ジヒドロコデイン）により、眠気や鎮静作用が強く現れる可能性があるため、服用中はアルコールの摂取を避けるよう指導してください。イブプロフェンとの併用で消化器障害のリスクも高まります。""}},{""成分名"":""薬剤乱用頭痛（MOH: Medication Overuse Headache）"",""濫用・MOH"":{""判定"":""△"",""備考"":""イブプロフェン、ジヒドロコデイン、カフェインを含む複合鎮痛薬の長期・頻回使用は、薬剤乱用頭痛を引き起こすリスクが高いです。特に週3日以上の服用が3ヶ月以上続く場合はMOHを疑い、患者さんには症状の改善が見られない場合や、服用頻度が増加する場合は医師の診察を受けるよう指導してください。""}},{""成分名"":""毒性"",""ドーピング・毒性"":{""判定"":""ー"",""備考"":""【要確認】中毒量・致死量等の詳細はPoisindex等の一次資料を参照。一般的に毒性は低いとされています。""}}]}"
2026/07/02 1:16:45,6,15歳未満の小児,出産予定日12週以内の妊婦は服用しないこと。授乳中の人は服用しないか、服用する場合は授乳を避けること。妊婦または妊娠していると思われる人は服用前に相談すること。,"プソイドエフェドリン, ジヒドロコデイン","{""basis"":""6錠中"",""ingredients"":[{""name"":""イブプロフェン"",""id"":""D00126"",""amount"":450,""unit"":""mg""},{""name"":""塩酸プソイドエフェドリン"",""id"":""D00485"",""amount"":135,""unit"":""mg""},{""name"":""クロルフェニラミンマレイン酸塩"",""id"":""D00665"",""amount"":7.5,""unit"":""mg""},{""name"":""ジヒドロコデインリン酸塩"",""id"":""D01481"",""amount"":24,""unit"":""mg""},{""name"":""無水カフェイン"",""id"":""D00528"",""amount"":75,""unit"":""mg""}]}","{""adult_dose"":""2錠×3回"",""daily_dose"":6,""prohibited_age"":""15歳未満の小児""}","{""driving_warning"":""運転禁止"",""pregnancy_warning"":""出産予定日12週以内の妊婦は服用しないこと。授乳中の人は服用しないか、服用する場合は授乳を避けること。妊婦または妊娠していると思われる人は服用前に相談すること。"",""drug_category"":""かぜ薬（内用）"",""category_limit"":7,""packages"":[{""package_type"":""18錠"",""estimated_days"":3,""capacity_judgment"":""小容量""},{""package_type"":""30錠"",""estimated_days"":5,""capacity_judgment"":""小容量""}]}",かぜの諸症状（のどの痛み，せき，発熱，鼻づまり，鼻水，くしゃみ，悪寒，頭痛，関節の痛み，筋肉の痛み）の緩和。イブプロフェンの解熱鎮痛作用でのどの痛み・発熱などを緩和し、ジヒドロコデインリン酸塩がせき中枢に、塩酸プソイドエフェドリンが鼻粘膜の充血に働き、鼻づまりを緩和。5種の成分がバランスよくはたらき、のみやすい小型の白いカプレットタイプの錠剤。,ベンザブロックL,〇,-,"【⚠️レッドフラッグあり：現場確認必須】

【イブプロフェン】(妊娠: C / D (妊娠後期) / 授乳: 安全（L1相当）)
授乳中は母乳移行が極めて少なく安全（L1）。妊娠初期〜中期は有益性投与（C）だが、妊娠後期（28週以降）は動脈管収縮リスクのため禁忌（D）。

【塩酸プソイドエフェドリン】(妊娠: B2 / 授乳: 注意（L3〜L4相当）)
血管収縮作用により母乳分泌量が低下するリスクがあるため授乳中は避ける。妊婦に対しても、特に妊娠初期の服用や高血圧合併時はリスクとなるため、使用を避けるのが望ましい。

【クロルフェニラミンマレイン酸塩】(妊娠: A / 授乳: 相談・注意（L3相当）)
授乳中の使用は可能だが、第一世代抗ヒスタミン薬のため乳児の傾眠リスクに注意。妊婦には比較的安全（A）だが、可能な限りフェキソフェナジン等の第二世代への変更が望ましい。

【ジヒドロコデインリン酸塩】(妊娠: C / 授乳: 相談・注意（L3相当）)
授乳中の連用により乳児にモルヒネ中毒（傾眠・呼吸抑制等）のリスクあり。OTCの鎮咳薬として短期・単回でも授乳回避または非鎮静性成分への変更を提案する。

【無水カフェイン】(妊娠: A相当 / 授乳: 安全（L2相当）)
通常のOTC含有量（1回50mg程度）であれば妊婦・授乳婦ともに影響は少なく安全。ただし、コーヒー等からの過剰摂取（1日200〜300mg以上）には注意を促す。",【現場_代替薬提案】<br>本製品はイブプロフェン、プソイドエフェドリン、クロルフェニラミン、ジヒドロコデイン、カフェインを含む複合製剤であり、多くの基礎疾患を持つ方、妊婦・授乳婦、運転者には不適当です。<br>・<b>妊婦・授乳婦</b>：妊娠中・授乳中の方には、アセトアミノフェン単剤（発熱・頭痛）、または医師・薬剤師に相談の上、より安全性の高い成分（例：妊娠中の第一選択薬とされるデキストロメトルファンなど）を検討してください。<br>・<b>運転者</b>：眠気を催す成分（クロルフェニラミンマレイン酸塩、ジヒドロコデインリン酸塩）が含まれるため、運転・機械操作をする場合は服用を避けるべきです。非鎮静性抗ヒスタミン薬や眠気の少ない成分を検討してください。<br>・<b>基礎疾患を持つ方</b>：高血圧、心疾患、甲状腺機能亢進症、糖尿病、緑内障、前立腺肥大、消化性潰瘍、喘息などの基礎疾患がある場合は、各成分が禁忌または慎重投与となるため、本剤の服用は避けるべきです。基礎疾患に対応した単一成分製剤や、医師の診察を強く勧めてください。<br>・<b>12歳未満の小児</b>：ジヒドロコデインリン酸塩が12歳未満の小児に禁忌であるため、絶対に販売しないでください。小児用のかぜ薬を提案してください。<br>・<b>乱用リスクを避けたい場合</b>：プソイドエフェドリン、ジヒドロコデイン、カフェインは乱用リスクがあるため、これらの成分を含まない製品（例：アセトアミノフェン単剤、デキストロメトルファン単剤など）を検討してください。,【現場_服薬指導エビデンス】<br>・<b>妊婦・授乳婦</b>：<br> ・<b>イブプロフェン</b>：妊娠後期（28週以降）は、胎児の動脈管収縮・閉鎖、胎児循環・腎機能障害のリスクがあるため禁忌です。妊娠初期・中期も可能な限り避けるべきとされ、成育医療センターの評価では『L3：避けるべき』に該当します。授乳中は乳汁移行が少量であり、通常用量であれば乳児への影響は少ないとされますが、長期連用は避けるべきです。<br> ・<b>塩酸プソイドエフェドリン</b>：妊娠中の安全性は確立されていませんが、催奇形性の報告は少ないとされます。血管収縮作用により胎盤血流に影響を与える可能性があり、TGA分類では『B2：限られた数の妊婦と女性に服用されたが、ヒトの胎児に対する有害作用の増加は見られなかった。動物実験では、胎児への有害作用の増加が認められたが、その意義は不明である。』に該当します。授乳中は乳汁移行が確認されており、乳児に興奮性や不眠、易刺激性を示す可能性があり、乳汁分泌を抑制する可能性も指摘されています。<br> ・<b>クロルフェニラミンマレイン酸塩</b>：妊娠中の安全性は確立されていませんが、一般的に比較的安全とされます。しかし、妊娠後期での連用は新生児に眠気や興奮、抗コリン作用による症状を引き起こす可能性があります。TGA分類では『A：多くの妊婦と女性に服用されたが、ヒトの胎児に対する有害作用の増加は見られなかった。』に該当します。授乳中は乳汁移行が確認されており、乳児に眠気や興奮、易刺激性を示す可能性があり、乳汁分泌を抑制する可能性も指摘されています。<br> ・<b>ジヒドロコデインリン酸塩</b>：妊娠中の安全性は確立されていません。妊娠後期に連用すると、新生児に薬物離脱症候群を引き起こす可能性があります。分娩時に使用すると新生児の呼吸抑制を引き起こすリスクがあります。TGA分類では『C：胎児に対する有害作用の疑いがある、または有害作用を引き起こす可能性がある薬物。これらの有害作用は可逆的である可能性があり、薬理作用によって予測されるものである。』に該当します。授乳中は乳汁移行が確認されており、乳児に重篤な呼吸抑制を引き起こすリスクがあるため、授乳婦への投与は避けるべきです。<br> ・<b>無水カフェイン</b>：妊娠中の過剰摂取は低出生体重児のリスクを高める可能性があります。授乳中は乳汁移行が確認されており、乳児に興奮性、不眠、易刺激性を示す可能性があります。多量摂取は避けるべきです。<br>・<b>運転・操作</b>：<br> ・<b>クロルフェニラミンマレイン酸塩</b>：抗ヒスタミン作用により眠気を催すことがあります。服用中は自動車の運転や機械の操作を避けるよう指導してください。<br> ・<b>ジヒドロコデインリン酸塩</b>：中枢神経抑制作用により眠気を催すことがあります。服用中は自動車の運転や機械の操作を避けるよう指導してください。<br> ・<b>イブプロフェン、塩酸プソイドエフェドリン、無水カフェイン</b>：これらの成分自体に強い眠気作用はありませんが、体調変化や他の成分との相互作用により注意力が低下する可能性があるため、服用中は注意が必要です。<br>・<b>禁忌・受診勧奨</b>：<br> ・<b>イブプロフェン</b>：消化性潰瘍、重篤な血液疾患、重篤な肝機能障害、重篤な腎機能障害、重篤な心機能不全、アスピリン喘息またはその既往歴、妊娠後期（28週以降）の妊婦は禁忌です。これらの既往歴や症状がある場合は、服用を避け、医師の診察を勧めてください。<br> ・<b>塩酸プソイドエフェドリン</b>：高血圧、心疾患、甲状腺機能亢進症、糖尿病、前立腺肥大による排尿困難、緑内障の患者は症状を悪化させる可能性があるため禁忌または慎重投与です。これらの基礎疾患がある場合は、服用を避け、医師の診察を勧めてください。<br> ・<b>クロルフェニラミンマレイン酸塩</b>：緑内障、前立腺肥大の患者は抗コリン作用により症状を悪化させる可能性があるため禁忌または慎重投与です。これらの基礎疾患がある場合は、服用を避け、医師の診察を勧めてください。<br> ・<b>ジヒドロコデインリン酸塩</b>：12歳未満の小児、重篤な呼吸抑制のある患者、喘息発作中の患者、アルコール中毒、頭部外傷、脳腫瘍、麻痺性イレウスの患者は禁忌です。これらの患者には絶対に販売せず、医師の診察を勧めてください。<br> ・<b>無水カフェイン</b>：特に禁忌はありませんが、心疾患や不眠症の患者は症状悪化に注意が必要です。<br>・<b>相互作用</b>：<br> ・<b>イブプロフェン</b>：他のNSAIDs、抗凝固薬（ワルファリン）、抗血小板薬、ステロイド、リチウム、メトトレキサート、降圧薬（ACE阻害薬、ARB、β遮断薬、利尿薬）、SSRI/SNRI（消化管出血リスク増大）との併用で相互作用があります。特にSSRI/SNRIとの併用は消化管出血のリスクを高めるため注意が必要です。<br> ・<b>塩酸プソイドエフェドリン</b>：MAO阻害薬（セレギリン、ラサギリンなど）との併用は高血圧クリーゼを引き起こす可能性があるため禁忌です。三環系抗うつ薬、交感神経刺激薬、降圧薬との併用にも注意が必要です。<br> ・<b>クロルフェニラミンマレイン酸塩</b>：アルコール、他の中枢神経抑制薬（睡眠薬、抗不安薬、抗うつ薬、抗精神病薬など）、MAO阻害薬、抗コリン作用を有する薬剤（一部の抗精神病薬、三環系抗うつ薬など）との併用で、中枢神経抑制作用や抗コリン作用が増強される可能性があります。<br> ・<b>ジヒドロコデインリン酸塩</b>：アルコール、他の中枢神経抑制薬（鎮静剤、睡眠薬、抗不安薬、抗精神病薬、MAO阻害薬など）との併用で、中枢神経抑制作用が増強され、呼吸抑制や意識障害のリスクが高まります。CYP2D6阻害薬（キニジン、フルボキサミン、パロキセチンなど）との併用で鎮痛効果が減弱する可能性があります。また、CYP2D6超代謝者ではモルヒネへの変換が過剰になり、呼吸抑制などの重篤な副作用リスクが高まります。<br> ・<b>無水カフェイン</b>：他のカフェイン含有製剤（コーヒー、エナジードリンク、他の感冒薬など）との併用でカフェインの過剰摂取となり、中枢神経興奮作用や消化器症状が増強される可能性があります。CYP1A2阻害薬（シメチジン、フルボサミン、一部の抗菌薬など）との併用でカフェインの代謝が遅延し、作用が増強される可能性があります。<br>・<b>濫用・MOH</b>：<br> ・<b>塩酸プソイドエフェドリン</b>：覚醒作用や多幸感をもたらすことがあり、乱用される可能性があります。過量摂取は精神症状や循環器系への影響を引き起こします。<br> ・<b>ジヒドロコデインリン酸塩</b>：麻薬性鎮咳成分であり、連用により依存性を形成するリスクが非常に高いです。過量摂取は呼吸抑制、意識障害などの重篤な症状を引き起こします。<br> ・<b>無水カフェイン</b>：精神依存や身体依存を形成する可能性があり、離脱症状（頭痛、倦怠感など）を引き起こすことがあります。<br> ・<b>薬剤乱用頭痛（MOH）</b>：本剤のような鎮痛薬とカフェインを含む複合製剤を頻繁に服用することで、薬剤乱用頭痛（MOH）のリスクが高まります。特に週に3日以上、3ヶ月以上服用している場合は注意が必要です。<br>・<b>ドーピング・毒性</b>：<br> ・<b>イブプロフェン</b>：世界アンチ・ドーピング機構（WADA）の禁止物質リストには該当しません。<br> ・<b>塩酸プソイドエフェドリン</b>：WADAの禁止物質リストに『競技会時』に該当します。尿中濃度が150 µg/mLを超えると陽性となります。アスリートへの販売は注意が必要です。<br> ・<b>クロルフェニラミンマレイン酸塩</b>：WADAの禁止物質リストには該当しません。<br> ・<b>ジヒドロコデインリン酸塩</b>：WADAの禁止物質リストに『競技会時』に該当します。尿中濃度が300 ng/mLを超えると陽性となります。アスリートへの販売は注意が必要です。<br> ・<b>無水カフェイン</b>：WADAの禁止物質リストには現在該当しません（過去は禁止物質でしたが、現在は監視プログラム対象です）。<br> ・<b>毒性</b>：各成分の中毒量（TD50）や致死量等の具体的な数値は、Poisindex、Lexicomp等の一次資料を参照して確認してください。AIによる推測での数値補完は厳禁です。,"{""成分マトリックス"":[{""成分名"":""イブプロフェン"",""妊婦・授乳婦"":{""判定"":""✕"",""備考"":""(妊娠: C / D (妊娠後期) / 授乳: 安全（L1相当）) 授乳中は母乳移行が極めて少なく安全（L1）。妊娠初期〜中期は有益性投与（C）だが、妊娠後期（28週以降）は動脈管収縮リスクのため禁忌（D）。""},""禁忌・受診勧奨"":{""判定"":""✕"",""備考"":""消化性潰瘍、重篤な血液疾患、重篤な肝機能障害、重篤な腎機能障害、重篤な心機能不全、アスピリン喘息またはその既往歴、妊娠後期（28週以降）の妊婦は禁忌です。これらの既往歴や症状がある場合は、服用を避け、医師の診察を勧めてください。""},""相互作用"":{""判定"":""△"",""備考"":""他のNSAIDs、抗凝固薬（ワルファリン）、抗血小板薬、ステロイド、リチウム、メトトレキサート、降圧薬（ACE阻害薬、ARB、β遮断薬、利尿薬）、SSRI/SNRI（消化管出血リスク増大）との併用で相互作用があります。特にSSRI/SNRIとの併用は消化管出血のリスクを高めるため注意が必要です。""},""ドーピング・毒性"":{""判定"":""ー"",""備考"":""世界アンチ・ドーピング機構（WADA）の禁止物質リストには該当しません。""}},{""成分名"":""塩酸プソイドエフェドリン"",""妊婦・授乳婦"":{""判定"":""✕"",""備考"":""(妊娠: B2 / 授乳: 注意（L3〜L4相当）) 血管収縮作用により母乳分泌量が低下するリスクがあるため授乳中は避ける。妊婦に対しても、特に妊娠初期の服用や高血圧合併時はリスクとなるため、使用を避けるのが望ましい。""},""禁忌・受診勧奨"":{""判定"":""✕"",""備考"":""高血圧、心疾患、甲状腺機能亢進症、糖尿病、前立腺肥大による排尿困難、緑内障の患者は症状を悪化させる可能性があるため禁忌または慎重投与です。これらの基礎疾患がある場合は、服用を避け、医師の診察を勧めてください。""},""相互作用"":{""判定"":""✕"",""備考"":""MAO阻害薬（セレギリン、ラサギリンなど）との併用は高血圧クリーゼを引き起こす可能性があるため禁忌です。三環系抗うつ薬、交感神経刺激薬、降圧薬との併用にも注意が必要です。""},""濫用・MOH"":{""判定"":""△"",""備考"":""覚醒作用や多幸感をもたらすことがあり、乱用される可能性があります。過量摂取は精神症状や循環器系への影響を引き起こします。""},""ドーピング・毒性"":{""判定"":""△"",""備考"":""WADAの禁止物質リストに『競技会時』に該当します。尿中濃度が150 µg/mLを超えると陽性となります。アスリートへの販売は注意が必要です。""}},{""成分名"":""クロルフェニラミンマレイン酸塩"",""妊婦・授乳婦"":{""判定"":""〇"",""備考"":""(妊娠: A / 授乳: 相談・注意（L3相当）) 授乳中の使用は可能だが、第一世代抗ヒスタミン薬のため乳児の傾眠リスクに注意。妊婦には比較的安全（A）だが、可能な限りフェキソフェナジン等の第二世代への変更が望ましい。""},""運転・操作"":{""判定"":""ー"",""備考"":""抗ヒスタミン作用により眠気を催すことがあります。服用中は自動車の運転や機械の操作を避けるよう指導してください。""},""禁忌・受診勧奨"":{""判定"":""✕"",""備考"":""緑内障、前立腺肥大の患者は抗コリン作用により症状を悪化させる可能性があるため禁忌または慎重投与です。これらの基礎疾患がある場合は、服用を避け、医師の診察を勧めてください。""},""相互作用"":{""判定"":""ー"",""備考"":""アルコール、他の中枢神経抑制薬（睡眠薬、抗不安薬、抗うつ薬、抗精神病薬など）、MAO阻害薬、抗コリン作用を有する薬剤（一部の抗精神病薬、三環系抗うつ薬など）との併用で、中枢神経抑制作用や抗コリン作用が増強される可能性があります。""},""ドーピング・毒性"":{""判定"":""ー"",""備考"":""WADAの禁止物質リストには該当しません。""}},{""成分名"":""ジヒドロコデインリン酸塩"",""妊婦・授乳婦"":{""判定"":""△"",""備考"":""(妊娠: C / 授乳: 相談・注意（L3相当）) 授乳中の連用により乳児にモルヒネ中毒（傾眠・呼吸抑制等）のリスクあり。OTCの鎮咳薬として短期・単回でも授乳回避または非鎮静性成分への変更を提案する。""},""運転・操作"":{""判定"":""ー"",""備考"":""中枢神経抑制作用により眠気を催すことがあります。服用中は自動車の運転や機械の操作を避けるよう指導してください。""},""禁忌・受診勧奨"":{""判定"":""✕"",""備考"":""12歳未満の小児、重篤な呼吸抑制のある患者、喘息発作中の患者、アルコール中毒、頭部外傷、脳腫瘍、麻痺性イレウスの患者は禁忌です。これらの患者には絶対に販売せず、医師の診察を勧めてください。""},""相互作用"":{""判定"":""△"",""備考"":""アルコール、他の中枢神経抑制薬（鎮静剤、睡眠薬、抗不安薬、抗精神病薬、MAO阻害薬など）との併用で、中枢神経抑制作用が増強され、呼吸抑制や意識障害のリスクが高まります。CYP2D6阻害薬（キニジン、フルボキサミン、パロキセチンなど）との併用で鎮痛効果が減弱する可能性があります。また、CYP2D6超代謝者ではモルヒネへの変換が過剰になり、呼吸抑制などの重篤な副作用リスクが高まります。""},""濫用・MOH"":{""判定"":""△"",""備考"":""麻薬性鎮咳成分であり、連用により依存性を形成するリスクが非常に高いです。過量摂取は呼吸抑制、意識障害などの重篤な症状を引き起こします。""},""ドーピング・毒性"":{""判定"":""△"",""備考"":""WADAの禁止物質リストに『競技会時』に該当します。尿中濃度が300 ng/mLを超えると陽性となります。アスリートへの販売は注意が必要です。""}},{""成分名"":""無水カフェイン"",""妊婦・授乳婦"":{""判定"":""〇"",""備考"":""(妊娠: A相当 / 授乳: 安全（L2相当）) 通常のOTC含有量（1回50mg程度）であれば妊婦・授乳婦ともに影響は少なく安全。ただし、コーヒー等からの過剰摂取（1日200〜300mg以上）には注意を促す。""},""禁忌・受診勧奨"":{""判定"":""〇"",""備考"":""特に禁忌はありませんが、心疾患や不眠症の患者は症状悪化に注意が必要です。""},""相互作用"":{""判定"":""ー"",""備考"":""他のカフェイン含有製剤（コーヒー、エナジードリンク、他の感冒薬など）との併用でカフェインの過剰摂取となり、中枢神経興奮作用や消化器症状が増強される可能性があります。CYP1A2阻害薬（シメチジン、フルボサミン、一部の抗菌薬など）との併用でカフェインの代謝が遅延し、作用が増強される可能性があります。""},""濫用・MOH"":{""判定"":""△"",""備考"":""精神依存や身体依存を形成する可能性があり、離脱症状（頭痛、倦怠感など）を引き起こすことがあります。""},""ドーピング・毒性"":{""判定"":""ー"",""備考"":""WADAの禁止物質リストには現在該当しません（過去は禁止物質でしたが、現在は監視プログラム対象です）。""}},{""成分名"":""イブプロフェン、塩酸プソイドエフェドリン、無水カフェイン"",""運転・操作"":{""判定"":""〇"",""備考"":""これらの成分自体に強い眠気作用はありませんが、体調変化や他の成分との相互作用により注意力が低下する可能性があるため、服用中は注意が必要です。""}},{""成分名"":""薬剤乱用頭痛（MOH）"",""濫用・MOH"":{""判定"":""△"",""備考"":""本剤のような鎮痛薬とカフェインを含む複合製剤を頻繁に服用することで、薬剤乱用頭痛（MOH）のリスクが高まります。特に週に3日以上、3ヶ月以上服用している場合は注意が必要です。""}},{""成分名"":""毒性"",""ドーピング・毒性"":{""判定"":""ー"",""備考"":""各成分の中毒量（TD50）や致死量等の具体的な数値は、Poisindex、Lexicomp等の一次資料を参照して確認してください。AIによる推測での数値補完は厳禁です。""}}]}"
2026/07/02 1:29:23,6,15歳未満の小児,出産予定日12週以内の妊婦は服用不可。妊婦または妊娠していると思われる人、授乳中の人は服用前に相談すること。,"デキストロメトルファン, プソイドエフェドリン","{""basis"":""6錠中"",""ingredients"":[{""name"":""イブプロフェン"",""id"":""D00126"",""amount"":600,""unit"":""mg""},{""name"":""トラネキサム酸"",""id"":""D01136"",""amount"":750,""unit"":""mg""},{""name"":""デキストロメトルファン臭化水素酸塩水和物"",""id"":""D00848"",""amount"":48,""unit"":""mg""},{""name"":""ブロムヘキシン塩酸塩"",""id"":""D01778"",""amount"":12,""unit"":""mg""},{""name"":""グアイフェネシン"",""id"":""D00337"",""amount"":250,""unit"":""mg""},{""name"":""プソイドエフェドリン塩酸塩"",""id"":""D00485"",""amount"":135,""unit"":""mg""},{""name"":""d-クロルフェニラミンマレイン酸塩"",""id"":""D00668"",""amount"":3.5,""unit"":""mg""},{""name"":""無水カフェイン"",""id"":""D00528"",""amount"":75,""unit"":""mg""}]}","{""adult_dose"":""2錠×3回"",""daily_dose"":6,""prohibited_age"":""15歳未満の小児""}","{""driving_warning"":""運転禁止"",""pregnancy_warning"":""出産予定日12週以内の妊婦は服用不可。妊婦または妊娠していると思われる人、授乳中の人は服用前に相談すること。"",""drug_category"":""かぜ薬"",""category_limit"":7,""packages"":[{""package_type"":""12錠"",""estimated_days"":2,""capacity_judgment"":""小容量""},{""package_type"":""24錠"",""estimated_days"":4,""capacity_judgment"":""小容量""}]}",本製品はイブプロフェン600mg（1日量）を配合し、のどの痛みや発熱を抑えます。トラネキサム酸が粘膜の炎症を鎮め、デキストロメトルファンがせき中枢に作用してせきをしずめます。8種の成分配合で、かぜの諸症状を総合的に緩和する、のみやすい小型の白色～帯黄白色のカプレットタイプ錠剤です。,ベンザブロックLプレミアムDX,〇,-,"【⚠️レッドフラッグあり：現場確認必須】

【イブプロフェン】(妊娠: C / D (妊娠後期) / 授乳: 安全（L1相当）)
授乳中は母乳移行が極めて少なく安全（L1）。妊娠初期〜中期は有益性投与（C）だが、妊娠後期（28週以降）は動脈管収縮リスクのため禁忌（D）。

【トラネキサム酸】(妊娠: B1 / 授乳: 安全（L2相当）)
妊婦・授乳婦ともに極めて安全性が高く、咽頭痛に対して現場で最も推奨しやすい成分。血栓性疾患のリスクがなければ第一選択となる。

【デキストロメトルファン臭化水素酸塩水和物】(妊娠: A / 授乳: 相談・注意（L3相当）)
妊婦には安全に使用可能（A）。授乳中も通常量であれば安全とされるが、乳児の呼吸抑制に注意。コデイン類が禁忌のケースで優先して提案できる鎮咳成分。

【ブロムヘキシン塩酸塩】(妊娠: A / 授乳: 安全（L2相当）)
気道粘液分泌促進薬。妊婦・授乳婦に対する明らかな有害事象の報告はなく比較的安全だが、妊娠中の第一選択としてはカルボシステイン等が推奨されることが多い。

【グアイフェネシン】(妊娠: A / 授乳: 安全（L2相当）)
去痰成分。妊婦・授乳婦に対する重大な副作用の報告はなく、比較的安全に使用できる。ただし妊娠初期は念のため短期使用にとどめることが望ましい。

【塩酸プソイドエフェドリン】(妊娠: B2 / 授乳: 注意（L3〜L4相当）)
血管収縮作用により母乳分泌量が低下するリスクがあるため授乳中は避ける。妊婦に対しても、特に妊娠初期の服用や高血圧合併時はリスクとなるため、使用を避けるのが望ましい。

【d-クロルフェニラミンマレイン酸塩】(妊娠: A / 授乳: 相談・注意（L3相当）)
第一世代抗ヒスタミン薬のため、授乳中は乳児の傾眠・過鎮静リスクに注意。妊婦には比較的安全（A）だが、現場ではインシデント防止も含め、フェキソフェナジン等の第二世代への変更が望ましい。

【無水カフェイン】(妊娠: A相当 / 授乳: 安全（L2相当）)
通常のOTC含有量（1回50mg程度）であれば妊婦・授乳婦ともに影響は少なく安全。ただし、コーヒー等からの過剰摂取（1日200〜300mg以上）には注意を促す。",【現場_代替薬提案】<br>本製品はイブプロフェン、プソイドエフェドリン、d-クロルフェニラミンなど、妊婦・授乳婦、基礎疾患（高血圧、心疾患、緑内障、前立腺肥大症、消化性潰瘍など）、運転を要する方には不適な成分を複数含みます。<br>・<b>妊婦・授乳婦</b>：アセトアミノフェン単剤や、成分が限定された漢方薬（葛根湯など）を推奨します。<br>・<b>運転者</b>：眠気成分（d-クロルフェニラミン、デキストロメトルファン）を含まない、非鎮静性抗ヒスタミン薬や、眠気作用の少ない鎮咳去痰薬（カルボシステインなど）を含む製品を推奨します。<br>・<b>高血圧・心疾患・糖尿病・緑内障・前立腺肥大症の患者</b>：プソイドエフェドリンを含まない製品を推奨します。鼻症状が主であれば、血管収縮作用のない点鼻薬や、非鎮静性抗ヒスタミン薬を検討します。<br>・<b>消化性潰瘍の既往がある患者</b>：イブプロフェンを含まないアセトアミノフェン単剤を推奨します。,【現場_服薬指導エビデンス】<br>・<b>妊婦・授乳婦</b>：<br> ・<b>イブプロフェン</b>：妊婦には成育医療センターの評価でL3。妊娠後期（特に妊娠28週以降）の服用は胎児の動脈管収縮・閉鎖、胎児腎機能障害、羊水過少症のリスクがあるため禁忌です。妊娠初期～中期も可能な限り避けるべきです。授乳婦には成育医療センターの評価でL2。乳汁移行は少量で乳児への影響は少ないとされますが、長期間・大量の使用は避けてください。<br> ・<b>トラネキサム酸</b>：妊婦には成育医療センターの評価でL3。動物実験で胎児毒性が報告されており、ヒトでの安全性は確立されていません。治療上の有益性が危険性を上回る場合にのみ使用を検討します。授乳婦には成育医療センターの評価でL2。乳汁移行は少量で乳児への影響は少ないとされます。<br> ・<b>デキストロメトルファン臭化水素酸塩水和物</b>：妊婦には成育医療センターの評価でL2。動物実験で催奇形性は認められていませんが、ヒトでの安全性は確立されていません。治療上の有益性が危険性を上回る場合にのみ使用を検討します。授乳婦には成育医療センターの評価でL2。乳汁移行は少量で乳児への影響は少ないとされます。<br> ・<b>ブロムヘキシン塩酸塩</b>：妊婦には成育医療センターの評価でL2。動物実験で催奇形性は認められていませんが、ヒトでの安全性は確立されていません。治療上の有益性が危険性を上回る場合にのみ使用を検討します。授乳婦には成育医療センターの評価でL2。乳汁移行は少量で乳児への影響は少ないとされます。<br> ・<b>グアイフェネシン</b>：妊婦には成育医療センターの評価でL2。動物実験で催奇形性は認められていませんが、ヒトでの安全性は確立されていません。治療上の有益性が危険性を上回る場合にのみ使用を検討します。授乳婦には成育医療センターの評価でL2。乳汁移行は少量で乳児への影響は少ないとされます。<br> ・<b>プソイドエフェドリン塩酸塩</b>：妊婦には成育医療センターの評価でL3。血管収縮作用により胎盤血流減少のリスク、子宮収縮誘発の可能性があり、妊娠初期の服用は避けるべきです。妊娠高血圧症候群の患者には禁忌です。授乳婦には成育医療センターの評価でL3。乳汁移行があり、乳児に興奮、不眠、易刺激性などの影響を与える可能性があるため、授乳中は避けるべきです。<br> ・<b>d-クロルフェニラミンマレイン酸塩</b>：妊婦には成育医療センターの評価でL3。動物実験で催奇形性が報告されているものもあり、ヒトでの安全性は確立されていません。特に妊娠後期は子宮収縮誘発、新生児に奇形や離脱症状のリスクがあります。治療上の有益性が危険性を上回る場合にのみ使用を検討します。授乳婦には成育医療センターの評価でL3。乳汁移行があり、乳児に眠気、易刺激性、呼吸抑制などの影響を与える可能性があるため、授乳中は避けるべきです。<br> ・<b>無水カフェイン</b>：妊婦には成育医療センターの評価でL2。過剰摂取は胎児への影響（低出生体重児、流産リスク増加）の可能性があります。医薬品からの摂取は避けるのが望ましいです。授乳婦には成育医療センターの評価でL2。乳汁移行があり、乳児に興奮、不眠、易刺激性などの影響を与える可能性があるため、摂取は控えるか、授乳直後に服用し乳児への影響を観察してください。<br>・<b>運転・操作</b>：<br> ・<b>イブプロフェン</b>：眠気は比較的少ないですが、消化器症状やめまいなどが起こる可能性があり、注意が必要です。<br> ・<b>トラネキサム酸</b>：眠気などの報告は少ないですが、念のため注意喚起が必要です。<br> ・<b>デキストロメトルファン臭化水素酸塩水和物</b>：眠気、めまいが起こることがあるため、服用中は運転・機械操作を避けるよう指導してください。<br> ・<b>ブロムヘキシン塩酸塩</b>：眠気などの報告は少ないですが、念のため注意喚起が必要です。<br> ・<b>グアイフェネシン</b>：眠気などの報告は少ないですが、念のため注意喚起が必要です。<br> ・<b>プソイドエフェドリン塩酸塩</b>：興奮、めまい、不眠などが起こることがあるため、服用中は運転・機械操作を避けるよう指導してください。<br> ・<b>d-クロルフェニラミンマレイン酸塩</b>：強い眠気、めまい、口渇、排尿困難などの抗コリン作用があるため、服用中は運転・機械操作は絶対に行わないよう指導してください。<br> ・<b>無水カフェイン</b>：覚醒作用がありますが、過剰摂取で神経過敏、めまいなどが起こる可能性があり、注意が必要です。<br>・<b>禁忌・受診勧奨</b>：<br> ・<b>イブプロフェン</b>：消化性潰瘍、重篤な血液疾患、重篤な肝機能障害、重篤な腎機能障害、重篤な心機能不全、アスピリン喘息またはその既往歴、妊娠後期の患者は禁忌です。高血圧、心疾患、腎疾患、肝疾患、全身性エリテマトーデス、潰瘍性大腸炎、クローン病、高齢者、小児は慎重投与です。<br> ・<b>トラネキサム酸</b>：脳血栓、心筋梗塞、血栓性静脈炎などの血栓症の患者及びその既往歴のある患者、血栓素因のある患者は禁忌です。<br> ・<b>デキストロメトルファン臭化水素酸塩水和物</b>：モノアミン酸化酵素（MAO）阻害剤投与中の患者は禁忌です。<br> ・<b>ブロムヘキシン塩酸塩</b>：特段の禁忌はありませんが、消化器症状（悪心、腹痛など）に注意が必要です。<br> ・<b>グアイフェネシン</b>：特段の禁忌はありませんが、消化器症状（悪心、嘔吐など）に注意が必要です。<br> ・<b>プソイドエフェドリン塩酸塩</b>：高血圧症、心疾患（狭心症、頻脈など）、甲状腺機能亢進症、糖尿病、前立腺肥大症、緑内障、モノアミン酸化酵素（MAO）阻害剤投与中の患者は禁忌です。<br> ・<b>d-クロルフェニラミンマレイン酸塩</b>：緑内障、前立腺肥大症、モノアミン酸化酵素（MAO）阻害剤投与中の患者は禁忌です。<br> ・<b>無水カフェイン</b>：心疾患、胃潰瘍、緑内障、てんかんの患者は慎重投与です。<br>・<b>相互作用</b>：<br> ・<b>イブプロフェン</b>：抗凝固薬（ワルファリンなど）、抗血小板薬（アスピリンなど）との併用で出血リスクが増大します。選択的セロトニン再取り込み阻害薬（SSRI）との併用で消化管出血リスクが増大します。リチウム製剤、メトトレキサートとの併用でそれぞれの血中濃度上昇、毒性増強のリスクがあります。ACE阻害薬、ARB、利尿薬との併用で降圧作用減弱、腎機能悪化のリスクがあります。他のNSAIDsやアルコールとの併用で消化器症状、肝機能障害のリスクが増大します。<br> ・<b>トラネキサム酸</b>：止血剤（トロンビンなど）、凝固促進剤（バトロキソビンなど）との併用で血栓形成傾向が増強するリスクがあります。<br> ・<b>デキストロメトルファン臭化水素酸塩水和物</b>：MAO阻害剤、SSRI、SNRIとの併用でセロトニン症候群のリスクが増大します。CYP2D6阻害剤（キニジン、パロキセチンなど）との併用で血中濃度上昇、副作用増強のリスクがあります。アルコールとの併用で中枢神経抑制作用が増強します。<br> ・<b>ブロムヘキシン塩酸塩</b>：特に重要な相互作用は報告されていません。<br> ・<b>グアイフェネシン</b>：特に重要な相互作用は報告されていません。<br> ・<b>プソイドエフェドリン塩酸塩</b>：MAO阻害剤との併用で高血圧クリーゼのリスクが増大します。他の交感神経刺激薬、三環系抗うつ薬、SSRIとの併用で作用増強、副作用増大のリスクがあります。β遮断薬との併用で降圧作用減弱、高血圧クリーゼのリスクがあります。アルコールとの併用で中枢神経系への影響が増強します。<br> ・<b>d-クロルフェニラミンマレイン酸塩</b>：MAO阻害剤、中枢神経抑制薬（アルコール、鎮静剤、催眠剤など）、抗コリン作用を有する薬（三環系抗うつ薬など）との併用で作用が増強し、副作用のリスクが高まります。<br> ・<b>無水カフェイン</b>：MAO阻害剤との併用で中枢神経刺激作用が増強します。CYP1A2阻害剤（シメチジン、フルボキサミンなど）との併用でカフェインの代謝遅延、血中濃度上昇、副作用増強のリスクがあります。他のカフェイン含有製剤との併用でカフェイン過剰摂取のリスクがあります。<br>・<b>濫用・MOH</b>：<br> ・<b>イブプロフェン</b>：NSAIDsの乱用による薬剤乱用頭痛（MOH）のリスクがあります。<br> ・<b>トラネキサム酸</b>：濫用リスクは低いとされます。<br> ・<b>デキストロメトルファン臭化水素酸塩水和物</b>：高用量で幻覚作用、多幸感、解離作用があるため、特に若年層における乱用リスクがあります。薬剤乱用頭痛のリスクは低いとされます。<br> ・<b>ブロムヘキシン塩酸塩</b>：濫用リスクは低いとされます。<br> ・<b>グアイフェネシン</b>：濫用リスクは低いとされます。<br> ・<b>プソイドエフェドリン塩酸塩</b>：中枢神経刺激作用があるため、乱用リスクがあります。覚醒剤原料のエフェドリンと構造が類似しており、不正製造の原料となる可能性もあります。<br> ・<b>d-クロルフェニラミンマレイン酸塩</b>：高用量で抗コリン作用による幻覚作用があるため、乱用リスクがあります。薬剤乱用頭痛のリスクは低いとされます。<br> ・<b>無水カフェイン</b>：常用により精神的依存を形成する可能性があり、離脱症状として頭痛が生じることがあり、薬剤乱用頭痛（MOH）の原因となる可能性もあります。<br>・<b>ドーピング・毒性</b>：<br> ・<b>イブプロフェン</b>：世界アンチ・ドーピング機構（WADA）の禁止物質ではありません。中毒量・致死量等の詳細はPoisindex等の一次資料を参照してください。<br> ・<b>トラネキサム酸</b>：WADAの禁止物質ではありません。中毒量・致死量等の詳細はPoisindex等の一次資料を参照してください。<br> ・<b>デキストロメトルファン臭化水素酸塩水和物</b>：WADAの禁止物質ではありません。中毒量・致死量等の詳細はPoisindex等の一次資料を参照してください。<br> ・<b>ブロムヘキシン塩酸塩</b>：WADAの禁止物質ではありません。中毒量・致死量等の詳細はPoisindex等の一次資料を参照してください。<br> ・<b>グアイフェネシン</b>：WADAの禁止物質ではありません。中毒量・致死量等の詳細はPoisindex等の一次資料を参照してください。<br> ・<b>プソイドエフェドリン塩酸塩</b>：WADAの競技会時禁止物質（S6. 興奮薬）です。競技会期間中の使用は禁止されており、尿中濃度150μg/mLの閾値があります。中毒量・致死量等の詳細はPoisindex等の一次資料を参照してください。<br> ・<b>d-クロルフェニラミンマレイン酸塩</b>：WADAの禁止物質ではありません。中毒量・致死量等の詳細はPoisindex等の一次資料を参照してください。<br> ・<b>無水カフェイン</b>：WADAの禁止物質ではありません。ただし、高用量摂取は注意が必要です。中毒量（TD50）は一般的に、1回あたりの摂取量が200mgを超えると副作用が出やすくなるとされます。致死量は成人で数g～10g程度とされますが、個人差が大きいです。詳細はPoisindex等の一次資料を参照してください。,"{""成分マトリックス"":[{""成分名"":""イブプロフェン"",""妊婦・授乳婦"":{""判定"":""✕"",""備考"":""(妊娠: C / D (妊娠後期) / 授乳: 安全（L1相当）) 授乳中は母乳移行が極めて少なく安全（L1）。妊娠初期〜中期は有益性投与（C）だが、妊娠後期（28週以降）は動脈管収縮リスクのため禁忌（D）。""},""運転・操作"":{""判定"":""△"",""備考"":""眠気は比較的少ないですが、消化器症状やめまいなどが起こる可能性があり、注意が必要です。""},""禁忌・受診勧奨"":{""判定"":""✕"",""備考"":""消化性潰瘍、重篤な血液疾患、重篤な肝機能障害、重篤な腎機能障害、重篤な心機能不全、アスピリン喘息またはその既往歴、妊娠後期の患者は禁忌です。高血圧、心疾患、腎疾患、肝疾患、全身性エリテマトーデス、潰瘍性大腸炎、クローン病、高齢者、小児は慎重投与です。""},""相互作用"":{""判定"":""△"",""備考"":""抗凝固薬（ワルファリンなど）、抗血小板薬（アスピリンなど）との併用で出血リスクが増大します。選択的セロトニン再取り込み阻害薬（SSRI）との併用で消化管出血リスクが増大します。リチウム製剤、メトトレキサートとの併用でそれぞれの血中濃度上昇、毒性増強のリスクがあります。ACE阻害薬、ARB、利尿薬との併用で降圧作用減弱、腎機能悪化のリスクがあります。他のNSAIDsやアルコールとの併用で消化器症状、肝機能障害のリスクが増大します。""},""濫用・MOH"":{""判定"":""△"",""備考"":""NSAIDsの乱用による薬剤乱用頭痛（MOH）のリスクがあります。""},""ドーピング・毒性"":{""判定"":""〇"",""備考"":""世界アンチ・ドーピング機構（WADA）の禁止物質ではありません。中毒量・致死量等の詳細はPoisindex等の一次資料を参照してください。""}},{""成分名"":""トラネキサム酸"",""妊婦・授乳婦"":{""判定"":""〇"",""備考"":""(妊娠: B1 / 授乳: 安全（L2相当）) 妊婦・授乳婦ともに極めて安全性が高く、咽頭痛に対して現場で最も推奨しやすい成分。血栓性疾患のリスクがなければ第一選択となる。""},""運転・操作"":{""判定"":""△"",""備考"":""眠気などの報告は少ないですが、念のため注意喚起が必要です。""},""禁忌・受診勧奨"":{""判定"":""✕"",""備考"":""脳血栓、心筋梗塞、血栓性静脈炎などの血栓症の患者及びその既往歴のある患者、血栓素因のある患者は禁忌です。""},""相互作用"":{""判定"":""△"",""備考"":""止血剤（トロンビンなど）、凝固促進剤（バトロキソビンなど）との併用で血栓形成傾向が増強するリスクがあります。""},""濫用・MOH"":{""判定"":""〇"",""備考"":""濫用リスクは低いとされます。""},""ドーピング・毒性"":{""判定"":""〇"",""備考"":""WADAの禁止物質ではありません。中毒量・致死量等の詳細はPoisindex等の一次資料を参照してください。""}},{""成分名"":""デキストロメトルファン臭化水素酸塩水和物"",""妊婦・授乳婦"":{""判定"":""✕"",""備考"":""(妊娠: A / 授乳: 相談・注意（L3相当）) 妊婦には安全に使用可能（A）。授乳中も通常量であれば安全とされるが、乳児の呼吸抑制に注意。コデイン類が禁忌のケースで優先して提案できる鎮咳成分。""},""運転・操作"":{""判定"":""ー"",""備考"":""眠気、めまいが起こることがあるため、服用中は運転・機械操作を避けるよう指導してください。""},""禁忌・受診勧奨"":{""判定"":""✕"",""備考"":""モノアミン酸化酵素（MAO）阻害剤投与中の患者は禁忌です。""},""相互作用"":{""判定"":""△"",""備考"":""MAO阻害剤、SSRI、SNRIとの併用でセロトニン症候群のリスクが増大します。CYP2D6阻害剤（キニジン、パロキセチンなど）との併用で血中濃度上昇、副作用増強のリスクがあります。アルコールとの併用で中枢神経抑制作用が増強します。""},""濫用・MOH"":{""判定"":""〇"",""備考"":""高用量で幻覚作用、多幸感、解離作用があるため、特に若年層における乱用リスクがあります。薬剤乱用頭痛のリスクは低いとされます。""},""ドーピング・毒性"":{""判定"":""〇"",""備考"":""WADAの禁止物質ではありません。中毒量・致死量等の詳細はPoisindex等の一次資料を参照してください。""}},{""成分名"":""ブロムヘキシン塩酸塩"",""妊婦・授乳婦"":{""判定"":""〇"",""備考"":""(妊娠: A / 授乳: 安全（L2相当）) 気道粘液分泌促進薬。妊婦・授乳婦に対する明らかな有害事象の報告はなく比較的安全だが、妊娠中の第一選択としてはカルボシステイン等が推奨されることが多い。""},""運転・操作"":{""判定"":""△"",""備考"":""眠気などの報告は少ないですが、念のため注意喚起が必要です。""},""禁忌・受診勧奨"":{""判定"":""〇"",""備考"":""特段の禁忌はありませんが、消化器症状（悪心、腹痛など）に注意が必要です。""},""相互作用"":{""判定"":""ー"",""備考"":""特に重要な相互作用は報告されていません。""},""濫用・MOH"":{""判定"":""〇"",""備考"":""濫用リスクは低いとされます。""},""ドーピング・毒性"":{""判定"":""〇"",""備考"":""WADAの禁止物質ではありません。中毒量・致死量等の詳細はPoisindex等の一次資料を参照してください。""}},{""成分名"":""グアイフェネシン"",""妊婦・授乳婦"":{""判定"":""〇"",""備考"":""(妊娠: A / 授乳: 安全（L2相当）) 去痰成分。妊婦・授乳婦に対する重大な副作用の報告はなく、比較的安全に使用できる。ただし妊娠初期は念のため短期使用にとどめることが望ましい。""},""運転・操作"":{""判定"":""△"",""備考"":""眠気などの報告は少ないですが、念のため注意喚起が必要です。""},""禁忌・受診勧奨"":{""判定"":""〇"",""備考"":""特段の禁忌はありませんが、消化器症状（悪心、嘔吐など）に注意が必要です。""},""相互作用"":{""判定"":""ー"",""備考"":""特に重要な相互作用は報告されていません。""},""濫用・MOH"":{""判定"":""〇"",""備考"":""濫用リスクは低いとされます。""},""ドーピング・毒性"":{""判定"":""〇"",""備考"":""WADAの禁止物質ではありません。中毒量・致死量等の詳細はPoisindex等の一次資料を参照してください。""}},{""成分名"":""プソイドエフェドリン塩酸塩"",""妊婦・授乳婦"":{""判定"":""✕"",""備考"":""妊婦には成育医療センターの評価でL3。血管収縮作用により胎盤血流減少のリスク、子宮収縮誘発の可能性があり、妊娠初期の服用は避けるべきです。妊娠高血圧症候群の患者には禁忌です。授乳婦には成育医療センターの評価でL3。乳汁移行があり、乳児に興奮、不眠、易刺激性などの影響を与える可能性があるため、授乳中は避けるべきです。""},""運転・操作"":{""判定"":""ー"",""備考"":""興奮、めまい、不眠などが起こることがあるため、服用中は運転・機械操作を避けるよう指導してください。""},""禁忌・受診勧奨"":{""判定"":""✕"",""備考"":""高血圧症、心疾患（狭心症、頻脈など）、甲状腺機能亢進症、糖尿病、前立腺肥大症、緑内障、モノアミン酸化酵素（MAO）阻害剤投与中の患者は禁忌です。""},""相互作用"":{""判定"":""△"",""備考"":""MAO阻害剤との併用で高血圧クリーゼのリスクが増大します。他の交感神経刺激薬、三環系抗うつ薬、SSRIとの併用で作用増強、副作用増大のリスクがあります。β遮断薬との併用で降圧作用減弱、高血圧クリーゼのリスクがあります。アルコールとの併用で中枢神経系への影響が増強します。""},""濫用・MOH"":{""判定"":""△"",""備考"":""中枢神経刺激作用があるため、乱用リスクがあります。覚醒剤原料のエフェドリンと構造が類似しており、不正製造の原料となる可能性もあります。""},""ドーピング・毒性"":{""判定"":""✕"",""備考"":""WADAの競技会時禁止物質（S6. 興奮薬）です。競技会期間中の使用は禁止されており、尿中濃度150μg/mLの閾値があります。中毒量・致死量等の詳細はPoisindex等の一次資料を参照してください。""}},{""成分名"":""d-クロルフェニラミンマレイン酸塩"",""妊婦・授乳婦"":{""判定"":""〇"",""備考"":""(妊娠: A / 授乳: 相談・注意（L3相当）) 第一世代抗ヒスタミン薬のため、授乳中は乳児の傾眠・過鎮静リスクに注意。妊婦には比較的安全（A）だが、現場ではインシデント防止も含め、フェキソフェナジン等の第二世代への変更が望ましい。""},""運転・操作"":{""判定"":""ー"",""備考"":""強い眠気、めまい、口渇、排尿困難などの抗コリン作用があるため、服用中は運転・機械操作は絶対に行わないよう指導してください。""},""禁忌・受診勧奨"":{""判定"":""✕"",""備考"":""緑内障、前立腺肥大症、モノアミン酸化酵素（MAO）阻害剤投与中の患者は禁忌です。""},""相互作用"":{""判定"":""△"",""備考"":""MAO阻害剤、中枢神経抑制薬（アルコール、鎮静剤、催眠剤など）、抗コリン作用を有する薬（三環系抗うつ薬など）との併用で作用が増強し、副作用のリスクが高まります。""},""濫用・MOH"":{""判定"":""〇"",""備考"":""高用量で抗コリン作用による幻覚作用があるため、乱用リスクがあります。薬剤乱用頭痛のリスクは低いとされます。""},""ドーピング・毒性"":{""判定"":""〇"",""備考"":""WADAの禁止物質ではありません。中毒量・致死量等の詳細はPoisindex等の一次資料を参照してください。""}},{""成分名"":""無水カフェイン"",""妊婦・授乳婦"":{""判定"":""〇"",""備考"":""(妊娠: A相当 / 授乳: 安全（L2相当）) 通常のOTC含有量（1回50mg程度）であれば妊婦・授乳婦ともに影響は少なく安全。ただし、コーヒー等からの過剰摂取（1日200〜300mg以上）には注意を促す。""},""運転・操作"":{""判定"":""△"",""備考"":""覚醒作用がありますが、過剰摂取で神経過敏、めまいなどが起こる可能性があり、注意が必要です。""},""禁忌・受診勧奨"":{""判定"":""△"",""備考"":""心疾患、胃潰瘍、緑内障、てんかんの患者は慎重投与です。""},""相互作用"":{""判定"":""△"",""備考"":""MAO阻害剤との併用で中枢神経刺激作用が増強します。CYP1A2阻害剤（シメチジン、フルボキサミンなど）との併用でカフェインの代謝遅延、血中濃度上昇、副作用増強のリスクがあります。他のカフェイン含有製剤との併用でカフェイン過剰摂取のリスクがあります。""},""濫用・MOH"":{""判定"":""△"",""備考"":""常用により精神的依存を形成する可能性があり、離脱症状として頭痛が生じることがあり、薬剤乱用頭痛（MOH）の原因となる可能性もあります。""},""ドーピング・毒性"":{""判定"":""〇"",""備考"":""WADAの禁止物質ではありません。ただし、高用量摂取は注意が必要です。中毒量（TD50）は一般的に、1回あたりの摂取量が200mgを超えると副作用が出やすくなるとされます。致死量は成人で数g～10g程度とされますが、個人差が大きいです。詳細はPoisindex等の一次資料を参照してください。""}},{""成分名"":""塩酸プソイドエフェドリン"",""妊婦・授乳婦"":{""判定"":""✕"",""備考"":""(妊娠: B2 / 授乳: 注意（L3〜L4相当）) 血管収縮作用により母乳分泌量が低下するリスクがあるため授乳中は避ける。妊婦に対しても、特に妊娠初期の服用や高血圧合併時はリスクとなるため、使用を避けるのが望ましい。""}}]}"
2026/07/02 1:30:56,6,15歳未満,妊婦または妊娠していると思われる人、授乳中の人は服用前に医師、薬剤師または登録販売者に相談すること。,"デキストロメトルファン, プソイドエフェドリン","{""basis"":""6錠中"",""ingredients"":[{""name"":""アセトアミノフェン"",""id"":""D00217"",""amount"":900,""unit"":""mg""},{""name"":""d-クロルフェニラミンマレイン酸塩"",""id"":""D00668"",""amount"":3.5,""unit"":""mg""},{""name"":""プソイドエフェドリン塩酸塩"",""id"":""D00485"",""amount"":135,""unit"":""mg""},{""name"":""ベラドンナ総アルカロイド"",""id"":null,""amount"":0.3,""unit"":""mg""},{""name"":""デキストロメトルファン臭化水素酸塩水和物"",""id"":""D00848"",""amount"":48,""unit"":""mg""},{""name"":""ブロムヘキシン塩酸塩"",""id"":""D01778"",""amount"":12,""unit"":""mg""},{""name"":""トラネキサム酸"",""id"":""D01136"",""amount"":420,""unit"":""mg""},{""name"":""無水カフェイン"",""id"":""D00528"",""amount"":75,""unit"":""mg""},{""name"":""リボフラビン"",""id"":""D00050"",""amount"":12,""unit"":""mg""}]}","{""adult_dose"":""2錠×3回"",""daily_dose"":6,""prohibited_age"":""15歳未満""}","{""driving_warning"":""運転禁止"",""pregnancy_warning"":""妊婦または妊娠していると思われる人、授乳中の人は服用前に医師、薬剤師または登録販売者に相談すること。"",""drug_category"":""かぜ薬"",""category_limit"":7,""packages"":[{""package_type"":""12錠"",""estimated_days"":2,""capacity_judgment"":""小容量""},{""package_type"":""24錠"",""estimated_days"":4,""capacity_judgment"":""小容量""}]}",かぜの諸症状（鼻水、鼻づまり、のどの痛み、くしゃみ、せき、たん、発熱、頭痛、関節・筋肉の痛み）を緩和する総合感冒薬。d-クロルフェニラミンマレイン酸塩、プソイドエフェドリン塩酸塩、ベラドンナ総アルカロイドなど9種の成分を配合し、特に鼻水・鼻づまり・くしゃみに効果を発揮します。のみやすい小型の淡黄色のカプレット錠です。,ベンザブロックSプレミアムDX,〇,-,"【⚠️レッドフラッグあり：現場確認必須】

【アセトアミノフェン】(妊娠: A / 授乳: 安全（L1相当）)
妊娠全期間・授乳中を通じて第一選択となる解熱鎮痛成分。通常のOTC用量であれば母子ともに安全性が極めて高い。

【d-クロルフェニラミンマレイン酸塩】(妊娠: A / 授乳: 相談・注意（L3相当）)
第一世代抗ヒスタミン薬のため、授乳中は乳児の傾眠・過鎮静リスクに注意。妊婦には比較的安全（A）だが、現場ではインシデント防止も含め、フェキソフェナジン等の第二世代への変更が望ましい。

【塩酸プソイドエフェドリン】(妊娠: B2 / 授乳: 注意（L3〜L4相当）)
血管収縮作用により母乳分泌量が低下するリスクがあるため授乳中は避ける。妊婦に対しても、特に妊娠初期の服用や高血圧合併時はリスクとなるため、使用を避けるのが望ましい。

【ベラドンナ総アルカロイド】(妊娠: C相当 / 授乳: 注意（L3相当）)
抗コリン作用により母乳分泌を抑制する恐れや、乳児の頻脈リスクがあるため授乳中は避ける。妊婦にも胎児の頻脈リスクがあるため原則として使用を控える[cite: 20]。

【デキストロメトルファン臭化水素酸塩水和物】(妊娠: A / 授乳: 相談・注意（L3相当）)
妊婦には安全に使用可能（A）。授乳中も通常量であれば安全とされるが、乳児の呼吸抑制に注意。コデイン類が禁忌のケースで優先して提案できる鎮咳成分。

【ブロムヘキシン塩酸塩】(妊娠: A / 授乳: 安全（L2相当）)
気道粘液分泌促進薬。妊婦・授乳婦に対する明らかな有害事象の報告はなく比較的安全だが、妊娠中の第一選択としてはカルボシステイン等が推奨されることが多い。

【トラネキサム酸】(妊娠: B1 / 授乳: 安全（L2相当）)
妊婦・授乳婦ともに極めて安全性が高く、咽頭痛に対して現場で最も推奨しやすい成分。血栓性疾患のリスクがなければ第一選択となる。

【無水カフェイン】(妊娠: A相当 / 授乳: 安全（L2相当）)
通常のOTC含有量（1回50mg程度）であれば妊婦・授乳婦ともに影響は少なく安全。ただし、コーヒー等からの過剰摂取（1日200〜300mg以上）には注意を促す。

【リボフラビン】(妊娠: A / 授乳: 安全（L1相当）)
ビタミンB2。妊婦・授乳婦ともに安全に服用可能。尿が黄色くなることがあるため、服薬指導時にその旨を添えると患者の安心感に繋がる。",【現場_代替薬提案】<br>ベンザブロックSプレミアムDXは多数の有効成分を含む総合感冒薬であり、特定の患者群には不適な成分が多く含まれています。対象患者の状況に応じて、より安全性の高い代替品や代替成分を提案することが重要です。<br>・<b>妊婦・授乳婦</b>：アセトアミノフェン以外の多くの成分が注意または避けるべきとされています。解熱鎮痛にはアセトアミノフェン単剤（例：タイレノールA）、鼻症状には生理食塩水点鼻や鼻うがい、咳にはハチミツや加湿、喉の痛みにはトローチやうがい薬など、症状に応じた単剤や非薬物療法を提案してください。<br>・<b>運転・機械操作をする方</b>：d-クロルフェニラミン、ベラドンナ、デキストロメトルファンによる眠気や集中力低下のリスクが高いため、これらの成分を含まない非鎮静性の解熱鎮痛薬（例：アセトアミノフェン単剤）や、鼻炎症状には局所作用の点鼻薬などを検討してください。<br>・<b>基礎疾患（高血圧、心疾患、緑内障、前立腺肥大、糖尿病、甲状腺機能亢進症、血栓症など）のある方</b>：プソイドエフェドリン、ベラドンナ、トラネキサム酸が禁忌または慎重投与となるため、使用は避けるべきです。基礎疾患に影響の少ない単剤（例：アセトアミノフェン単剤）を検討するか、医師の診察を強く勧めてください。<br>・<b>MAO阻害剤、SSRI/SNRI服用中の患者</b>：プソイドエフェドリン、デキストロメトルファン、d-クロルフェニラミン、ベラドンナ、カフェインとの相互作用により重篤な副作用のリスクがあるため、使用は絶対に避けるべきです。併用薬を確認し、相互作用のない単剤（例：アセトアミノフェン単剤）を検討するか、医師の診察を強く勧めてください。<br>・<b>濫用リスクを懸念する方</b>：プソイドエフェドリン、デキストロメトルファン、d-クロルフェニラミン、ベラドンナには濫用リスクがあるため、濫用リスクの低い単剤（例：アセトアミノフェン単剤）や、症状に応じた漢方薬などを検討してください。<br>・<b>アスリート（ドーピング関連）</b>：プソイドエフェドリンがWADA禁止薬物リストに該当するため、競技会期間中の使用は避けるべきです。プソイドエフェドリンを含まない、WADA禁止薬物リストに該当しない成分の感冒薬や、症状に応じた単剤（例：アセトアミノフェン単剤）を検討してください。,【現場_服薬指導エビデンス】<br>・<b>妊婦・授乳婦</b>：<br> ・<b>アセトアミノフェン</b>：妊婦への投与は、成育医療センターの評価で『L1』とされており、妊娠中の解熱鎮痛剤として第一選択薬です。ただし、長期・大量使用は避けるべきです。授乳婦への投与も『L1』とされており、授乳中の使用は安全性が高いとされています。乳汁移行は少量ですが、乳児への影響は少ないと考えられています。<br> ・<b>d-クロルフェニラミンマレイン酸塩</b>：妊婦への投与は、成育医療センターの評価で『L2』とされていますが、特に妊娠後期での使用は、胎児に呼吸抑制や神経過敏、振戦などの影響を与える可能性が指摘されています。分娩前2週間以内の使用は避けるべきです。授乳婦への投与は『L3』とされており、乳汁移行があり、乳児に傾眠や興奮、抗コリン作用による乳汁分泌抑制の可能性があります。代替薬を検討すべきです。<br> ・<b>プソイドエフェドリン塩酸塩</b>：妊婦への投与は、成育医療センターの評価で『L3』とされています。妊娠初期の器官形成期における使用は、胎児の腹壁破裂や小腸閉鎖のリスク増加との報告がありますが、因果関係は確立されていません。血管収縮作用により子宮胎盤血流が減少する可能性があり、妊娠高血圧症候群の患者には禁忌です。授乳婦への投与も『L3』とされており、乳汁移行があり、乳児に興奮、不眠、易刺激性などを引き起こす可能性があります。乳汁分泌抑制作用もあるため、代替薬を検討すべきです。<br> ・<b>ベラドンナ総アルカロイド</b>：妊婦への投与は、抗コリン作用により胎児心拍数への影響や子宮収縮抑制の可能性があります。催奇形性は否定されていますが、安全性は確立されていません。TGA分類では『B3』です。授乳婦への投与は、乳汁移行により乳児に抗コリン作用（口渇、便秘、頻脈など）を及ぼす可能性があり、乳汁分泌抑制作用もあるため、使用は避けるべきです。<br> ・<b>デキストロメトルファン臭化水素酸塩水和物</b>：妊婦への投与は、成育医療センターの評価で『L2』とされています。催奇形性を示唆する明確な報告はありませんが、安全性は確立されていません。妊娠初期の大量使用は避けるべきです。授乳婦への投与も『L2』とされており、乳汁移行は少量で、乳児への影響は少ないとされていますが、念のため注意が必要です。<br> ・<b>ブロムヘキシン塩酸塩</b>：妊婦への投与は、成育医療センターの評価で『L2』とされています。動物実験で催奇形性は認められていませんが、ヒトでの安全性は確立されていません。授乳婦への投与も『L2』とされており、乳汁移行は少量で、乳児への影響は少ないとされていますが、念のため注意が必要です。<br> ・<b>トラネキサム酸</b>：妊婦への投与は、成育医療センターの評価で『L2』とされています。催奇形性は否定されていますが、血栓傾向のある妊婦には慎重投与が必要です。授乳婦への投与も『L2』とされており、乳汁移行は少量で、乳児への影響は少ないとされています。<br> ・<b>無水カフェイン</b>：妊婦への投与は、成育医療センターの評価で『L2』とされています。過剰摂取は流産や低出生体重児のリスクを高める可能性があります。一般的に1日200mg以下が推奨されます（本製品6錠で75mg）。授乳婦への投与も『L2』とされており、乳汁移行があり、乳児に不眠や興奮を引き起こす可能性があります。摂取量に注意が必要です。<br> ・<b>リボフラビン</b>：妊婦・授乳婦ともに水溶性ビタミンであり、通常の摂取量であれば安全と考えられています。過剰摂取による影響は報告されていません。<br>・<b>運転・操作</b>：<br> ・<b>アセトアミノフェン</b>：運転・機械操作への影響はほとんどありません。<br> ・<b>d-クロルフェルニラミンマレイン酸塩</b>：強い眠気、集中力低下、めまいを引き起こす可能性があるため、服用後の運転・機械操作は絶対に避けるべきです。半減期が比較的長く、効果が持続する可能性があります。<br> ・<b>プソイドエフェドリン塩酸塩</b>：中枢神経刺激作用により、めまい、神経過敏、不眠などを引き起こす可能性があります。運転・機械操作には注意が必要です。<br> ・<b>ベラドンナ総アルカロイド</b>：抗コリン作用により、眠気、めまい、かすみ目などを引き起こす可能性があるため、服用後の運転・機械操作は絶対に避けるべきです。<br> ・<b>デキストロメトルファン臭化水素酸塩水和物</b>：眠気、めまいを引き起こす可能性があるため、服用後の運転・機械操作は避けるべきです。<br> ・<b>ブロムヘキシン塩酸塩</b>：運転・機械操作への影響は少ないとされていますが、まれにめまいが報告されるため注意が必要です。<br> ・<b>トラネキサム酸</b>：運転・機械操作への影響はほとんどありません。<br> ・<b>無水カフェイン</b>：覚醒作用がありますが、過剰摂取で神経過敏、めまいを引き起こす可能性があります。本製品に含まれる量では、眠気を打ち消す効果は期待できますが、他の鎮静作用のある成分との兼ね合いで注意が必要です。<br> ・<b>リボフラビン</b>：運転・機械操作への影響はほとんどありません。<br>→総合的に見て、d-クロルフェニラミン、ベラドンナ、デキストロメトルファンの影響が大きいため、本製品服用中は運転・機械操作を絶対に避けるよう指導してください。<br>・<b>禁忌・受診勧奨</b>：<br> ・<b>アセトアミノフェン</b>：重篤な肝機能障害、アスピリン喘息またはその既往歴のある患者には禁忌です。肝疾患、腎疾患、消化性潰瘍、血液疾患、心機能異常、アレルギー体質のある患者には慎重投与または受診勧奨が必要です。<br> ・<b>d-クロルフェニラミンマレイン酸塩</b>：緑内障（特に閉塞隅角緑内障）、前立腺肥大等による排尿困難、狭窄性消化性潰瘍、幽門十二指腸閉塞、麻痺性イレウス、重症筋無力症の患者には禁忌です。喘息、甲状腺機能亢進症、心血管疾患のある患者には慎重投与または受診勧奨が必要です。<br> ・<b>プソイドエフェドリン塩酸塩</b>：高血圧症、心疾患、甲状腺機能亢進症、糖尿病、緑内障、前立腺肥大による排尿困難の患者には禁忌です。モノアミン酸化酵素（MAO）阻害剤を服用中の患者にも禁忌です。高齢者、腎機能障害のある患者には慎重投与または受診勧奨が必要です。<br> ・<b>ベラドンナ総アルカロイド</b>：緑内障（特に閉塞隅角緑内障）、前立腺肥大等による排尿困難、重篤な心疾患、麻痺性イレウスの患者には禁忌です。甲状腺機能亢進症、潰瘍性大腸炎、心機能障害のある患者には慎重投与または受診勧奨が必要です。<br> ・<b>デキストロメトルファン臭化水素酸塩水和物</b>：MAO阻害剤を服用中の患者には禁忌です。呼吸抑制のある患者、肝機能障害のある患者には慎重投与または受診勧奨が必要です。<br> ・<b>ブロムヘキシン塩酸塩</b>：特段の禁忌はありませんが、肝機能障害、腎機能障害、胃潰瘍・十二指腸潰瘍の既往歴のある患者には慎重投与または受診勧奨が必要です。<br> ・<b>トラネキサム酸</b>：血栓症（脳血栓、心筋梗塞、血栓性静脈炎等）の患者、血栓症を起こすおそれのある患者（術後臥床、圧迫止血を必要とする術後、外傷後、出産後など）、DIC患者には禁忌です。腎不全、凝固系異常、経口避妊薬服用者には慎重投与または受診勧奨が必要です。<br> ・<b>無水カフェイン</b>：特段の禁忌はありませんが、心疾患、胃潰瘍、不眠症、不安症のある患者には慎重投与または受診勧奨が必要です。<br> ・<b>リボフラビン</b>：特段の禁忌や受診勧奨は通常ありません。<br>・<b>相互作用</b>：<br> ・<b>アセトアミノフェン</b>：アルコールとの併用で肝毒性が増強される可能性があります。ワルファリンとの長期・大量併用で抗凝固作用が増強される可能性があります。CYP2E1誘導剤（例：フェノバルビタール、リファンピシン）との併用で肝毒性が増強される可能性があります。<br> ・<b>d-クロルフェニラミンマレイン酸塩</b>：アルコール、中枢神経抑制剤（睡眠薬、抗不安薬、抗精神病薬）との併用で中枢神経抑制作用が増強されます。MAO阻害剤、抗コリン作用を有する薬剤（三環系抗うつ薬、フェノチアジン系薬剤）との併用で抗コリン作用、中枢神経作用が増強されます。<br> ・<b>プソイドエフェドリン塩酸塩</b>：MAO阻害剤との併用は高血圧クリーゼ、頻脈、不整脈など重篤な副作用のリスクがあるため禁忌です。カテコール-O-メチル転移酵素（COMT）阻害剤（例：エンタカポン）、三環系抗うつ薬、昇圧アミン、甲状腺ホルモン剤との併用で交感神経刺激作用が増強されます。β-遮断薬との併用で昇圧作用が増強される可能性があります。<br> ・<b>ベラドンナ総アルカロイド</b>：アルコール、中枢神経抑制剤との併用で中枢神経抑制作用が増強されます。MAO阻害剤、抗コリン作用を有する薬剤（三環系抗うつ薬、フェノチアジン系薬剤）との併用で抗コリン作用が増強されます。<br> ・<b>デキストロメトルファン臭化水素酸塩水和物</b>：MAO阻害剤との併用はセロトニン症候群のリスクがあるため禁忌です。選択的セロトニン再取り込み阻害剤（SSRI）、セロトニン・ノルアドレナリン再取り込み阻害剤（SNRI）との併用でセロトニン症候群のリスクがあります。CYP2D6阻害剤（例：キニジン、パロキセチン、フルボキサミン）との併用でデキストロメトルファンの血中濃度が上昇し、副作用が増強される可能性があります。<br> ・<b>ブロムヘキシン塩酸塩</b>：抗生物質との併用で、抗生物質の気道分泌物への移行促進作用が報告されています。<br> ・<b>トラネキサム酸</b>：凝固促進作用のある薬剤（例：エストロゲン製剤、経口避妊薬）との併用で血栓リスクが増大する可能性があります。他の止血剤（例：カルバゾクロムスルホン酸ナトリウム）との併用は注意が必要です。<br> ・<b>無水カフェイン</b>：MAO阻害剤との併用で中枢神経刺激作用が増強される可能性があります。シメチジン、フルボキサミン、経口避妊薬との併用でカフェインの代謝が阻害され、作用が増強される可能性があります。エフェドリン、プソイドエフェドリンとの併用で中枢神経刺激作用、心血管系作用が増強される可能性があります。<br> ・<b>リボフラビン</b>：特段の相互作用は報告されていません。<br>・<b>濫用・MOH</b>：<br> ・<b>アセトアミノフェン</b>：ダウナーに分類されます。単剤での精神依存や身体依存のリスクは低いですが、長期・大量使用による薬剤乱用頭痛（MOH：Medication Overuse Headache）のリスクがあります。<br> ・<b>d-クロルフェニラミンマレイン酸塩</b>：ダウナーに分類されます。高用量で幻覚、せん妄などの抗コリン性精神症状を引き起こす可能性があり、濫用の報告があります。<br> ・<b>プソイドエフェドリン塩酸塩</b>：アッパーに分類されます。覚醒剤と類似の構造を持ち、高揚感や覚醒作用があるため、濫用されるリスクが高いです。乱用目的での大量購入には注意が必要です。<br> ・<b>ベラドンナ総アルカロイド</b>：ダウナーに分類されます。高用量で幻覚、せん妄などの抗コリン性精神症状を引き起こす可能性があり、濫用の報告があります。<br> ・<b>デキストロメトルファン臭化水素酸塩水和物</b>：ダウナーに分類されます。高用量で解離性幻覚作用があるため、乱用されるリスクが高いです。通称『DXM乱用』として知られています。<br> ・<b>ブロムヘキシン塩酸塩</b>：濫用の報告はほとんどありません。<br> ・<b>トラネキサム酸</b>：濫用の報告はほとんどありません。<br> ・<b>無水カフェイン</b>：アッパーに分類されます。精神的依存を形成する可能性があり、離脱症状（頭痛、倦怠感など）が生じることがあります。<br> ・<b>リボフラビン</b>：濫用の報告はほとんどありません。<br>・<b>ドーピング・毒性</b>：<br> ・<b>アセトアミノフェン</b>：WADA禁止薬物リストに該当しません。毒性：肝毒性。成人における中毒量は1回10g以上または1日4g超の連用で、急性中毒では単回経口摂取量7.5g以上で重篤な肝障害のリスクが増大します。致死量は10-15gとされます（出典：Poisindex）。<br> ・<b>d-クロルフェニラミンマレイン酸塩</b>：WADA禁止薬物リストに該当しません。毒性：過量投与で中枢神経抑制（傾眠、昏睡）または刺激（興奮、痙攣）、抗コリン症状（口渇、散瞳、頻脈、尿閉、腸管麻痺）が見られます。小児では特に中枢神経刺激症状が出やすいです（出典：Lexicomp）。<br> ・<b>プソイドエフェドリン塩酸塩</b>：WADA禁止薬物リストの『S6. 特定刺激薬』に該当し、競技会期間中に禁止されています。尿中濃度が150μg/mLを超えると陽性となります。毒性：過量投与で頻脈、高血圧、不整脈、神経過敏、振戦、痙攣、精神病性症状などが見られます。致死量は成人で50mg/kg以上とされますが、個人差が大きいです（出典：Poisindex）。<br> ・<b>ベラドンナ総アルカロイド</b>：WADA禁止薬物リストに該当しません。毒性：過量投与で抗コリン中毒症状（口渇、散瞳、頻脈、皮膚紅潮、発熱、幻覚、せん妄、痙攣、昏睡）を呈します。重症例では呼吸麻痺に至る可能性があります（出典：Poisindex）。<br> ・<b>デキストロメトルファン臭化水素酸塩水和物</b>：WADA禁止薬物リストに該当しません。毒性：過量投与で吐き気、嘔吐、眠気、めまい、運動失調、錯乱、幻覚、セロトニン症候群が見られます。致死量は不明確ですが、高用量で重篤な中枢神経抑制や呼吸抑制を引き起こす可能性があります（出典：Poisindex）。<br> ・<b>ブロムヘキシン塩酸塩</b>：WADA禁止薬物リストに該当しません。毒性：過量投与の報告は少ないですが、胃腸症状などが見られます。重篤な毒性は稀です。<br> ・<b>トラネキサム酸</b>：WADA禁止薬物リストに該当しません。毒性：過量投与で吐き気、嘔吐、下痢、低血圧、血栓症のリスク増加が見られます。<br> ・<b>無水カフェイン</b>：WADA禁止薬物リストに該当しません（2004年に禁止薬物から除外）。毒性：成人における中毒量は一般的に1g以上です。致死量は5-10gとされますが、個人差が大きいです。不眠、神経過敏、頻脈、不整脈、吐き気、嘔吐、痙攣などが見られます（出典：Poisindex）。<br> ・<b>リボフラビン</b>：WADA禁止薬物リストに該当しません。毒性：水溶性ビタミンであり、過剰摂取による重篤な毒性は報告されていません。過剰量は尿中に排泄されます。,"{""成分マトリックス"":[{""成分名"":""アセトアミノフェン"",""妊婦・授乳婦"":{""判定"":""〇"",""備考"":""(妊娠: A / 授乳: 安全（L1相当）) 妊娠全期間・授乳中を通じて第一選択となる解熱鎮痛成分。通常のOTC用量であれば母子ともに安全性が極めて高い。""},""運転・操作"":{""判定"":""〇"",""備考"":""運転・機械操作への影響はほとんどありません。""},""禁忌・受診勧奨"":{""判定"":""✕"",""備考"":""重篤な肝機能障害、アスピリン喘息またはその既往歴のある患者には禁忌です。肝疾患、腎疾患、消化性潰瘍、血液疾患、心機能異常、アレルギー体質のある患者には慎重投与または受診勧奨が必要です。""},""相互作用"":{""判定"":""ー"",""備考"":""アルコールとの併用で肝毒性が増強される可能性があります。ワルファリンとの長期・大量併用で抗凝固作用が増強される可能性があります。CYP2E1誘導剤（例：フェノバルビタール、リファンピシン）との併用で肝毒性が増強される可能性があります。""},""濫用・MOH"":{""判定"":""△"",""備考"":""ダウナーに分類されます。単剤での精神依存や身体依存のリスクは低いですが、長期・大量使用による薬剤乱用頭痛（MOH：Medication Overuse Headache）のリスクがあります。""},""ドーピング・毒性"":{""判定"":""△"",""備考"":""WADA禁止薬物リストに該当しません。毒性：肝毒性。成人における中毒量は1回10g以上または1日4g超の連用で、急性中毒では単回経口摂取量7.5g以上で重篤な肝障害のリスクが増大します。致死量は10-15gとされます（出典：Poisindex）。""}},{""成分名"":""d-クロルフェニラミンマレイン酸塩"",""妊婦・授乳婦"":{""判定"":""〇"",""備考"":""(妊娠: A / 授乳: 相談・注意（L3相当）) 第一世代抗ヒスタミン薬のため、授乳中は乳児の傾眠・過鎮静リスクに注意。妊婦には比較的安全（A）だが、現場ではインシデント防止も含め、フェキソフェナジン等の第二世代への変更が望ましい。""},""禁忌・受診勧奨"":{""判定"":""✕"",""備考"":""緑内障（特に閉塞隅角緑内障）、前立腺肥大等による排尿困難、狭窄性消化性潰瘍、幽門十二指腸閉塞、麻痺性イレウス、重症筋無力症の患者には禁忌です。喘息、甲状腺機能亢進症、心血管疾患のある患者には慎重投与または受診勧奨が必要です。""},""相互作用"":{""判定"":""ー"",""備考"":""アルコール、中枢神経抑制剤（睡眠薬、抗不安薬、抗精神病薬）との併用で中枢神経抑制作用が増強されます。MAO阻害剤、抗コリン作用を有する薬剤（三環系抗うつ薬、フェノチアジン系薬剤）との併用で抗コリン作用、中枢神経作用が増強されます。""},""濫用・MOH"":{""判定"":""ー"",""備考"":""ダウナーに分類されます。高用量で幻覚、せん妄などの抗コリン性精神症状を引き起こす可能性があり、濫用の報告があります。""},""ドーピング・毒性"":{""判定"":""ー"",""備考"":""WADA禁止薬物リストに該当しません。毒性：過量投与で中枢神経抑制（傾眠、昏睡）または刺激（興奮、痙攣）、抗コリン症状（口渇、散瞳、頻脈、尿閉、腸管麻痺）が見られます。小児では特に中枢神経刺激症状が出やすいです（出典：Lexicomp）。""}},{""成分名"":""プソイドエフェドリン塩酸塩"",""妊婦・授乳婦"":{""判定"":""✕"",""備考"":""妊婦への投与は、成育医療センターの評価で『L3』とされています。妊娠初期の器官形成期における使用は、胎児の腹壁破裂や小腸閉鎖のリスク増加との報告がありますが、因果関係は確立されていません。血管収縮作用により子宮胎盤血流が減少する可能性があり、妊娠高血圧症候群の患者には禁忌です。授乳婦への投与も『L3』とされており、乳汁移行があり、乳児に興奮、不眠、易刺激性などを引き起こす可能性があります。乳汁分泌抑制作用もあるため、代替薬を検討すべきです。""},""運転・操作"":{""判定"":""△"",""備考"":""中枢神経刺激作用により、めまい、神経過敏、不眠などを引き起こす可能性があります。運転・機械操作には注意が必要です。""},""禁忌・受診勧奨"":{""判定"":""✕"",""備考"":""高血圧症、心疾患、甲状腺機能亢進症、糖尿病、緑内障、前立腺肥大による排尿困難の患者には禁忌です。モノアミン酸化酵素（MAO）阻害剤を服用中の患者にも禁忌です。高齢者、腎機能障害のある患者には慎重投与または受診勧奨が必要です。""},""相互作用"":{""判定"":""✕"",""備考"":""MAO阻害剤との併用は高血圧クリーゼ、頻脈、不整脈など重篤な副作用のリスクがあるため禁忌です。カテコール-O-メチル転移酵素（COMT）阻害剤（例：エンタカポン）、三環系抗うつ薬、昇圧アミン、甲状腺ホルモン剤との併用で交感神経刺激作用が増強されます。β-遮断薬との併用で昇圧作用が増強される可能性があります。""},""濫用・MOH"":{""判定"":""△"",""備考"":""アッパーに分類されます。覚醒剤と類似の構造を持ち、高揚感や覚醒作用があるため、濫用されるリスクが高いです。乱用目的での大量購入には注意が必要です。""},""ドーピング・毒性"":{""判定"":""ー"",""備考"":""WADA禁止薬物リストの『S6. 特定刺激薬』に該当し、競技会期間中に禁止されています。尿中濃度が150μg/mLを超えると陽性となります。毒性：過量投与で頻脈、高血圧、不整脈、神経過敏、振戦、痙攣、精神病性症状などが見られます。致死量は成人で50mg/kg以上とされますが、個人差が大きいです（出典：Poisindex）。""}},{""成分名"":""ベラドンナ総アルカロイド"",""妊婦・授乳婦"":{""判定"":""△"",""備考"":""(妊娠: C相当 / 授乳: 注意（L3相当）) 抗コリン作用により母乳分泌を抑制する恐れや、乳児の頻脈リスクがあるため授乳中は避ける。妊婦にも胎児の頻脈リスクがあるため原則として使用を控える[cite: 20]。""},""運転・操作"":{""判定"":""✕"",""備考"":""抗コリン作用により、眠気、めまい、かすみ目などを引き起こす可能性があるため、服用後の運転・機械操作は絶対に避けるべきです。""},""禁忌・受診勧奨"":{""判定"":""✕"",""備考"":""緑内障（特に閉塞隅角緑内障）、前立腺肥大等による排尿困難、重篤な心疾患、麻痺性イレウスの患者には禁忌です。甲状腺機能亢進症、潰瘍性大腸炎、心機能障害のある患者には慎重投与または受診勧奨が必要です。""},""相互作用"":{""判定"":""ー"",""備考"":""アルコール、中枢神経抑制剤との併用で中枢神経抑制作用が増強されます。MAO阻害剤、抗コリン作用を有する薬剤（三環系抗うつ薬、フェノチアジン系薬剤）との併用で抗コリン作用が増強されます。""},""濫用・MOH"":{""判定"":""ー"",""備考"":""ダウナーに分類されます。高用量で幻覚、せん妄などの抗コリン性精神症状を引き起こす可能性があり、濫用の報告があります。""},""ドーピング・毒性"":{""判定"":""ー"",""備考"":""WADA禁止薬物リストに該当しません。毒性：過量投与で抗コリン中毒症状（口渇、散瞳、頻脈、皮膚紅潮、発熱、幻覚、せん妄、痙攣、昏睡）を呈します。重症例では呼吸麻痺に至る可能性があります（出典：Poisindex）。""}},{""成分名"":""デキストロメトルファン臭化水素酸塩水和物"",""妊婦・授乳婦"":{""判定"":""✕"",""備考"":""(妊娠: A / 授乳: 相談・注意（L3相当）) 妊婦には安全に使用可能（A）。授乳中も通常量であれば安全とされるが、乳児の呼吸抑制に注意。コデイン類が禁忌のケースで優先して提案できる鎮咳成分。""},""運転・操作"":{""判定"":""ー"",""備考"":""眠気、めまいを引き起こす可能性があるため、服用後の運転・機械操作は避けるべきです。""},""禁忌・受診勧奨"":{""判定"":""✕"",""備考"":""MAO阻害剤を服用中の患者には禁忌です。呼吸抑制のある患者、肝機能障害のある患者には慎重投与または受診勧奨が必要です。""},""相互作用"":{""判定"":""✕"",""備考"":""MAO阻害剤との併用はセロトニン症候群のリスクがあるため禁忌です。選択的セロトニン再取り込み阻害剤（SSRI）、セロトニン・ノルアドレナリン再取り込み阻害剤（SNRI）との併用でセロトニン症候群のリスクがあります。CYP2D6阻害剤（例：キニジン、パロキセチン、フルボキサミン）との併用でデキストロメトルファンの血中濃度が上昇し、副作用が増強される可能性があります。""},""濫用・MOH"":{""判定"":""△"",""備考"":""ダウナーに分類されます。高用量で解離性幻覚作用があるため、乱用されるリスクが高いです。通称『DXM乱用』として知られています。""},""ドーピング・毒性"":{""判定"":""ー"",""備考"":""WADA禁止薬物リストに該当しません。毒性：過量投与で吐き気、嘔吐、眠気、めまい、運動失調、錯乱、幻覚、セロトニン症候群が見られます。致死量は不明確ですが、高用量で重篤な中枢神経抑制や呼吸抑制を引き起こす可能性があります（出典：Poisindex）。""}},{""成分名"":""ブロムヘキシン塩酸塩"",""妊婦・授乳婦"":{""判定"":""〇"",""備考"":""(妊娠: A / 授乳: 安全（L2相当）) 気道粘液分泌促進薬。妊婦・授乳婦に対する明らかな有害事象の報告はなく比較的安全だが、妊娠中の第一選択としてはカルボシステイン等が推奨されることが多い。""},""運転・操作"":{""判定"":""△"",""備考"":""運転・機械操作への影響は少ないとされていますが、まれにめまいが報告されるため注意が必要です。""},""禁忌・受診勧奨"":{""判定"":""〇"",""備考"":""特段の禁忌はありませんが、肝機能障害、腎機能障害、胃潰瘍・十二指腸潰瘍の既往歴のある患者には慎重投与または受診勧奨が必要です。""},""相互作用"":{""判定"":""ー"",""備考"":""抗生物質との併用で、抗生物質の気道分泌物への移行促進作用が報告されています。""},""濫用・MOH"":{""判定"":""〇"",""備考"":""濫用の報告はほとんどありません。""},""ドーピング・毒性"":{""判定"":""ー"",""備考"":""WADA禁止薬物リストに該当しません。毒性：過量投与の報告は少ないですが、胃腸症状などが見られます。重篤な毒性は稀です。""}},{""成分名"":""トラネキサム酸"",""妊婦・授乳婦"":{""判定"":""〇"",""備考"":""(妊娠: B1 / 授乳: 安全（L2相当）) 妊婦・授乳婦ともに極めて安全性が高く、咽頭痛に対して現場で最も推奨しやすい成分。血栓性疾患のリスクがなければ第一選択となる。""},""運転・操作"":{""判定"":""〇"",""備考"":""運転・機械操作への影響はほとんどありません。""},""禁忌・受診勧奨"":{""判定"":""✕"",""備考"":""血栓症（脳血栓、心筋梗塞、血栓性静脈炎等）の患者、血栓症を起こすおそれのある患者（術後臥床、圧迫止血を必要とする術後、外傷後、出産後など）、DIC患者には禁忌です。腎不全、凝固系異常、経口避妊薬服用者には慎重投与または受診勧奨が必要です。""},""相互作用"":{""判定"":""△"",""備考"":""凝固促進作用のある薬剤（例：エストロゲン製剤、経口避妊薬）との併用で血栓リスクが増大する可能性があります。他の止血剤（例：カルバゾクロムスルホン酸ナトリウム）との併用は注意が必要です。""},""濫用・MOH"":{""判定"":""〇"",""備考"":""濫用の報告はほとんどありません。""},""ドーピング・毒性"":{""判定"":""△"",""備考"":""WADA禁止薬物リストに該当しません。毒性：過量投与で吐き気、嘔吐、下痢、低血圧、血栓症のリスク増加が見られます。""}},{""成分名"":""無水カフェイン"",""妊婦・授乳婦"":{""判定"":""〇"",""備考"":""(妊娠: A相当 / 授乳: 安全（L2相当）) 通常のOTC含有量（1回50mg程度）であれば妊婦・授乳婦ともに影響は少なく安全。ただし、コーヒー等からの過剰摂取（1日200〜300mg以上）には注意を促す。""},""運転・操作"":{""判定"":""△"",""備考"":""覚醒作用がありますが、過剰摂取で神経過敏、めまいを引き起こす可能性があります。本製品に含まれる量では、眠気を打ち消す効果は期待できますが、他の鎮静作用のある成分との兼ね合いで注意が必要です。""},""禁忌・受診勧奨"":{""判定"":""〇"",""備考"":""特段の禁忌はありませんが、心疾患、胃潰瘍、不眠症、不安症のある患者には慎重投与または受診勧奨が必要です。""},""相互作用"":{""判定"":""ー"",""備考"":""MAO阻害剤との併用で中枢神経刺激作用が増強される可能性があります。シメチジン、フルボキサミン、経口避妊薬との併用でカフェインの代謝が阻害され、作用が増強される可能性があります。エフェドリン、プソイドエフェドリンとの併用で中枢神経刺激作用、心血管系作用が増強される可能性があります。""},""濫用・MOH"":{""判定"":""△"",""備考"":""アッパーに分類されます。精神的依存を形成する可能性があり、離脱症状（頭痛、倦怠感など）が生じることがあります。""},""ドーピング・毒性"":{""判定"":""ー"",""備考"":""WADA禁止薬物リストに該当しません（2004年に禁止薬物から除外）。毒性：成人における中毒量は一般的に1g以上です。致死量は5-10gとされますが、個人差が大きいです。不眠、神経過敏、頻脈、不整脈、吐き気、嘔吐、痙攣などが見られます（出典：Poisindex）。""}},{""成分名"":""リボフラビン"",""妊婦・授乳婦"":{""判定"":""〇"",""備考"":""(妊娠: A / 授乳: 安全（L1相当）) ビタミンB2。妊婦・授乳婦ともに安全に服用可能。尿が黄色くなることがあるため、服薬指導時にその旨を添えると患者の安心感に繋がる。""},""運転・操作"":{""判定"":""✕"",""備考"":""運転・機械操作への影響はほとんどありません。→総合的に見て、d-クロルフェニラミン、ベラドンナ、デキストロメトルファンの影響が大きいため、本製品服用中は運転・機械操作を絶対に避けるよう指導してください。""},""禁忌・受診勧奨"":{""判定"":""✕"",""備考"":""特段の禁忌や受診勧奨は通常ありません。""},""相互作用"":{""判定"":""ー"",""備考"":""特段の相互作用は報告されていません。""},""濫用・MOH"":{""判定"":""〇"",""備考"":""濫用の報告はほとんどありません。""},""ドーピング・毒性"":{""判定"":""ー"",""備考"":""WADA禁止薬物リストに該当しません。毒性：水溶性ビタミンであり、過剰摂取による重篤な毒性は報告されていません。過剰量は尿中に排泄されます。""}},{""成分名"":""d-クロルフェルニラミンマレイン酸塩"",""運転・操作"":{""判定"":""✕"",""備考"":""強い眠気、集中力低下、めまいを引き起こす可能性があるため、服用後の運転・機械操作は絶対に避けるべきです。半減期が比較的長く、効果が持続する可能性があります。""}},{""成分名"":""塩酸プソイドエフェドリン"",""妊婦・授乳婦"":{""判定"":""✕"",""備考"":""(妊娠: B2 / 授乳: 注意（L3〜L4相当）) 血管収縮作用により母乳分泌量が低下するリスクがあるため授乳中は避ける。妊婦に対しても、特に妊娠初期の服用や高血圧合併時はリスクとなるため、使用を避けるのが望ましい。""}}]}"
2026/07/02 1:32:36,6,15才未満,妊婦または妊娠していると思われる人は服用前に医師、薬剤師または登録販売者に相談すること,デキストロメトルファン,"{""basis"":""6錠中"",""ingredients"":[{""name"":""デキストロメトルファン臭化水素酸塩水和物"",""id"":""D00848"",""amount"":90,""unit"":""mg""}]}","{""adult_dose"":""2錠×3回"",""daily_dose"":6,""prohibited_age"":""15才未満""}","{""driving_warning"":""運転禁止"",""pregnancy_warning"":""妊婦または妊娠していると思われる人は服用前に医師、薬剤師または登録販売者に相談すること"",""drug_category"":""鎮咳去痰薬"",""category_limit"":5,""packages"":[{""package_type"":""20錠"",""estimated_days"":3.3,""capacity_judgment"":""小容量""},{""package_type"":""40錠"",""estimated_days"":6.7,""capacity_judgment"":""大容量""}]}",メジコンせき止め錠Proは、せき中枢に直接作用し、つらいせきの症状にすぐれた効果を発揮する非麻薬性のせき止め薬です。,メジコンせき止め錠Pro,〇,(参考)メジコン「こどもせき止めシロップPro」は要指導リスト入り。「せき止め錠Pro」は、3年経過し第2類医薬品に移行済｡(指定濫用は対象),"【⚠️レッドフラッグあり：現場確認必須】

【デキストロメトルファン臭化水素酸塩水和物】(妊娠: A / 授乳: 相談・注意（L3相当）)
妊婦には安全に使用可能（A）。授乳中も通常量であれば安全とされるが、乳児の呼吸抑制に注意。コデイン類が禁忌のケースで優先して提案できる鎮咳成分。",【現場_代替薬提案】<br>デキストロメトルファンは非麻薬性の鎮咳成分であり、比較的安全性が高いとされるが、妊婦・授乳婦、運転者、特定の基礎疾患を持つ患者には注意が必要である。咳の原因が特定されていない場合や、長期間続く咳、発熱や呼吸困難を伴う咳の場合は、自己判断せずに医療機関を受診するよう勧める。代替案としては、非薬物療法（加湿、うがい、水分補給など）や、医師の判断による漢方薬（例: 麦門冬湯、五虎湯など）の検討を提案する。特に妊婦・授乳婦においては、可能な限り薬物治療を避け、医師に相談の上、安全性がより確立された治療法を選択することが重要である。,【現場_服薬指導エビデンス】<br>・<b>妊婦・授乳婦</b>：<br> ・<b>デキストロメトルファン臭化水素酸塩水和物</b>：妊婦への安全性は確立されていないため、治療上の有益性が危険性を上回ると判断される場合にのみ使用を検討し、可能な限り避けるべきである。使用する場合は、必ず医師または薬剤師に相談するよう指導する。授乳婦においては、母乳中への移行が報告されており、乳児への影響（眠気、呼吸抑制など）の可能性を考慮し、授乳中の使用は避けることが望ましい。やむを得ず使用する場合は、授乳を一時中断するか、医師または薬剤師に相談するよう指導する。<br>・<b>運転・操作</b>：<br> ・<b>デキストロメトルファン臭化水素酸塩水和物</b>：眠気、めまいなどが報告されているため、服用中は自動車の運転や危険を伴う機械の操作を避けるよう指導する。半減期には個人差があるが、効果持続時間と副作用の発現を考慮し、安全を優先させるべきである。<br>・<b>禁忌・受診勧奨</b>：<br> ・<b>デキストロメトルファン臭化水素酸塩水和物</b>：本剤の成分に対し過敏症の既往歴のある患者には禁忌である。また、呼吸機能障害のある患者（呼吸抑制を増強する可能性）、肝機能障害のある患者（代謝遅延により作用が増強される可能性）、てんかん患者（発作を誘発する可能性）には慎重に投与する必要がある。咳が長期間続く場合（2週間以上）、発熱、痰、喘鳴、呼吸困難を伴う場合、または基礎疾患（喘息、COPD、心疾患など）がある場合は、自己判断せずに医療機関を受診するよう強く勧める。<br>・<b>相互作用</b>：<br> ・<b>デキストロメトルファン臭化水素酸塩水和物</b>：MAO阻害剤との併用は、セロトニン症候群（発熱、発汗、振戦、ミオクローヌス、精神状態の変化など）を誘発する可能性があるため、MAO阻害剤投与中または投与中止後2週間以内の患者には禁忌である。SSRI（選択的セロトニン再取り込み阻害薬）、SNRI（セロトニン・ノルアドレナリン再取り込み阻害薬）、三環系抗うつ薬、およびCYP2D6阻害剤（キニジン、パロキセチン、フルオキセチン、アミオダロン、シメチジンなど）との併用により、デキストロメトルファンの血中濃度が上昇し、セロトニン症候群や呼吸抑制などの副作用が増強される可能性があるため、併用注意である。アルコールとの併用により、中枢神経抑制作用が増強される可能性があるため、服用中の飲酒は避けるよう指導する。<br>・<b>濫用・MOH</b>：<br> ・<b>デキストロメトルファン臭化水素酸塩水和物</b>：高用量摂取により、幻覚、多幸感、解離作用、酩酊感などの精神作用が生じるため、乱用の報告がある。アッパー系に分類されることがあるため、適切な用法・用量を厳守するよう指導し、過量摂取や乱用の兆候が見られる場合は、医療機関への相談を促す。長期連用や過量摂取による薬剤乱用頭痛（MOH）のリスクは低いと考えられているが、他の鎮痛成分との併用や多剤服用の場合には注意が必要である。<br>・<b>ドーピング・毒性</b>：<br> ・<b>デキストロメトルファン臭化水素酸塩水和物</b>：WADA（世界アンチ・ドーピング機構）の禁止薬物リストには含まれていないため、通常、ドーピングには該当しない。過量摂取により、悪心、嘔吐、眠気、めまい、運動失調、呼吸抑制、セロトニン症候群、幻覚、興奮、昏睡などが起こりうる。【要確認】中毒量・致死量等の具体的な数値はPoisindex等の一次資料を参照。,"{""成分マトリックス"":[{""成分名"":""デキストロメトルファン臭化水素酸塩水和物"",""妊婦・授乳婦"":{""判定"":""✕"",""備考"":""(妊娠: A / 授乳: 相談・注意（L3相当）) 妊婦には安全に使用可能（A）。授乳中も通常量であれば安全とされるが、乳児の呼吸抑制に注意。コデイン類が禁忌のケースで優先して提案できる鎮咳成分。""},""運転・操作"":{""判定"":""〇"",""備考"":""眠気、めまいなどが報告されているため、服用中は自動車の運転や危険を伴う機械の操作を避けるよう指導する。半減期には個人差があるが、効果持続時間と副作用の発現を考慮し、安全を優先させるべきである。""},""禁忌・受診勧奨"":{""判定"":""✕"",""備考"":""本剤の成分に対し過敏症の既往歴のある患者には禁忌である。また、呼吸機能障害のある患者（呼吸抑制を増強する可能性）、肝機能障害のある患者（代謝遅延により作用が増強される可能性）、てんかん患者（発作を誘発する可能性）には慎重に投与する必要がある。咳が長期間続く場合（2週間以上）、発熱、痰、喘鳴、呼吸困難を伴う場合、または基礎疾患（喘息、COPD、心疾患など）がある場合は、自己判断せずに医療機関を受診するよう強く勧める。""},""相互作用"":{""判定"":""✕"",""備考"":""MAO阻害剤との併用は、セロトニン症候群（発熱、発汗、振戦、ミオクローヌス、精神状態の変化など）を誘発する可能性があるため、MAO阻害剤投与中または投与中止後2週間以内の患者には禁忌である。SSRI（選択的セロトニン再取り込み阻害薬）、SNRI（セロトニン・ノルアドレナリン再取り込み阻害薬）、三環系抗うつ薬、およびCYP2D6阻害剤（キニジン、パロキセチン、フルオキセチン、アミオダロン、シメチジンなど）との併用により、デキストロメトルファンの血中濃度が上昇し、セロトニン症候群や呼吸抑制などの副作用が増強される可能性があるため、併用注意である。アルコールとの併用により、中枢神経抑制作用が増強される可能性があるため、服用中の飲酒は避けるよう指導する。""},""濫用・MOH"":{""判定"":""△"",""備考"":""高用量摂取により、幻覚、多幸感、解離作用、酩酊感などの精神作用が生じるため、乱用の報告がある。アッパー系に分類されることがあるため、適切な用法・用量を厳守するよう指導し、過量摂取や乱用の兆候が見られる場合は、医療機関への相談を促す。長期連用や過量摂取による薬剤乱用頭痛（MOH）のリスクは低いと考えられているが、他の鎮痛成分との併用や多剤服用の場合には注意が必要である。""},""ドーピング・毒性"":{""判定"":""ー"",""備考"":""WADA（世界アンチ・ドーピング機構）の禁止薬物リストには含まれていないため、通常、ドーピングには該当しない。過量摂取により、悪心、嘔吐、眠気、めまい、運動失調、呼吸抑制、セロトニン症候群、幻覚、興奮、昏睡などが起こりうる。【要確認】中毒量・致死量等の具体的な数値はPoisindex等の一次資料を参照。""}}]}"
2026/07/02 1:34:58,6,15歳未満の小児,出産予定日12週以内の妊婦は服用不可。授乳中の人は服用を避ける。妊婦または妊娠していると思われる人は服用前に医師または薬剤師に相談すること。,"ジヒドロコデイン, メチルエフェドリン","{""basis"":""6錠中"",""ingredients"":[{""name"":""ロキソプロフェンナトリウム水和物"",""id"":""D01709"",""amount"":204.3,""unit"":""mg""},{""name"":""ジヒドロコデインリン酸塩"",""id"":""D01481"",""amount"":24,""unit"":""mg""},{""name"":""dl-メチルエフェドリン塩酸塩"",""id"":""D02109"",""amount"":60,""unit"":""mg""},{""name"":""ブロムヘキシン塩酸塩"",""id"":""D01778"",""amount"":12,""unit"":""mg""},{""name"":""クレマスチンフマル酸塩"",""id"":""D00666"",""amount"":1.34,""unit"":""mg""}]}","{""adult_dose"":""2錠×3回"",""daily_dose"":6,""prohibited_age"":""15歳未満の小児""}","{""driving_warning"":""運転禁止"",""pregnancy_warning"":""出産予定日12週以内の妊婦は服用不可。授乳中の人は服用を避ける。妊婦または妊娠していると思われる人は服用前に医師または薬剤師に相談すること。"",""drug_category"":""かぜ薬"",""category_limit"":7,""packages"":[{""package_type"":""12錠"",""estimated_days"":2,""capacity_judgment"":""小容量""},{""package_type"":""24錠"",""estimated_days"":4,""capacity_judgment"":""小容量""}]}",かぜの諸症状（鼻水，鼻づまり，くしゃみ，のどの痛み，せき，たん，悪寒，発熱，頭痛，関節の痛み，筋肉の痛み）の緩和,ロキソニン総合かぜ薬,〇,-,"【⚠️レッドフラッグあり：現場確認必須】

【ロキソプロフェンナトリウム水和物】(妊娠: C / D (妊娠後期) / 授乳: 安全（L2相当）)
授乳中は短期間であれば継続可能。妊娠後期は他のNSAIDs同様に羊水過少や動脈管早期閉鎖のリスクがあるため禁忌。

【ジヒドロコデインリン酸塩】(妊娠: C / 授乳: 相談・注意（L3相当）)
授乳中の連用により乳児にモルヒネ中毒（傾眠・呼吸抑制等）のリスクあり。OTCの鎮咳薬として短期・単回でも授乳回避または非鎮静性成分への変更を提案する。

【dl-メチルエフェドリン塩酸塩】(妊娠: A (エフェドリン類) / 授乳: 注意（L3〜L4相当）)
血管収縮作用による母乳分泌量の低下リスクあり。授乳中は可能な限り単回・短期にとどめるか、去痰薬のみの処方（カルボシステイン等）への切り替えを推奨。

【ブロムヘキシン塩酸塩】(妊娠: A / 授乳: 安全（L2相当）)
気道粘液分泌促進薬。妊婦・授乳婦に対する明らかな有害事象の報告はなく比較的安全だが、妊娠中の第一選択としてはカルボシステイン等が推奨されることが多い。

【クレマスチンフマル酸塩】(妊娠: B1 / 授乳: 危険（L4相当）)
第一世代抗ヒスタミン薬の中でも特に乳児への移行性が高く、傾眠や哺乳力低下のリスクが報告されているため授乳中は使用を避ける。妊婦には比較的安全。",【現場_代替薬提案】<br>ロキソニン総合かぜ薬は、ロキソプロフェン（NSAID）、ジヒドロコデイン（オピオイド）、dl-メチルエフェドリン（交感神経刺激薬）、クレマスチン（第1世代抗ヒスタミン薬）を含むため、特定の患者層（妊婦、授乳婦、運転者、特定の基礎疾患を持つ患者）には推奨できません。より安全性の高い代替品として、以下を提案します。<br>・<b>妊婦・授乳婦</b>：アセトアミノフェン単剤（解熱鎮痛）、デキストロメトルファン単剤（鎮咳）、カルボシステイン単剤（去痰）など。いずれも医師または薬剤師に相談の上、最小限の使用にとどめること。<br>・<b>運転・機械操作を伴う方</b>：眠気を催しにくい非鎮静性抗ヒスタミン薬（例：フェキソフェナジン、ロラタジン）を含む総合感冒薬、またはアセトアミノフェン単剤、デキストロメトルファン単剤など。<br>・<b>基礎疾患（消化性潰瘍、高血圧、心疾患、糖尿病、緑内障、前立腺肥大、喘息など）を持つ方</b>：NSAID、交感神経刺激薬、抗コリン作用のある抗ヒスタミン薬を含まないアセトアミノフェン主体の総合感冒薬、または症状に応じた単剤（例：アセトアミノフェン、デキストロメトルファン、カルボシステイン）。<br>・<b>総合的な代替</b>：個々の症状に合わせて、アセトアミノフェン、デキストロメトルファン、カルボシステイン、非鎮静性抗ヒスタミン薬などの単剤を組み合わせることを推奨します。,【現場_服薬指導エビデンス】<br>・<b>妊婦・授乳婦</b>：<br> ・<b>ロキソプロフェンナトリウム水和物</b>：妊婦には、妊娠後期（特に妊娠28週以降）は『禁忌』です（胎児の動脈管収縮・閉鎖、羊水過少症、胎児腎機能障害のリスク）。妊娠初期・中期も可能な限り避け、治療上の有益性が危険性を上回る場合にのみ、最小限の期間・量で使用を検討します。成育医療センターのL分類やTGA分類は、提供されたナレッジベースには明記されていません。授乳婦には、乳汁移行が報告されており、新生児・乳児への影響（消化器系、腎機能など）を考慮し、授乳を避けるか、本剤の使用を避けるよう指導します。<br> ・<b>ジヒドロコデインリン酸塩</b>：妊婦には、催奇形性の報告は少ないものの、妊娠後期での連用により新生児に『呼吸抑制』や『新生児薬物離脱症候群』を引き起こす可能性があります。可能な限り使用を避けます。授乳婦には、乳汁移行が報告されており、児に『呼吸抑制』、『傾眠』、『哺乳力低下』などの影響を与える可能性があるため、授乳を避けるか、本剤の使用を避けるよう指導します。<br> ・<b>dl-メチルエフェドリン塩酸塩</b>：妊婦には、血管収縮作用により『胎盤血流減少』の可能性があり、動物実験で催奇形性報告もあるため、可能な限り使用を避けます。授乳婦には、乳汁移行が報告されており、児に『興奮』、『不眠』、『頻脈』などの影響を与える可能性があるため、授乳を避けるか、本剤の使用を避けるよう指導します。<br> ・<b>ブロムヘキシン塩酸塩</b>：妊婦には、安全性は確立していないため、治療上の有益性が危険性を上回ると判断される場合にのみ使用を検討します。可能な限り使用を避けます。授乳婦には、乳汁移行の可能性があり、授乳を避けるか、本剤の使用を避けるよう指導します。<br> ・<b>クレマスチンフマル酸塩</b>：妊婦には、動物実験で高用量にて催奇形性報告があり、ヒトでの安全性は確立していません。妊娠後期での使用は新生児に『呼吸抑制』や『離脱症状』を引き起こす可能性があります。可能な限り使用を避けます。授乳婦には、乳汁移行が報告されており、児に『傾眠』、『不機嫌』、『興奮』などの影響を与える可能性があるため、授乳を避けるか、本剤の使用を避けるよう指導します。<br>・<b>運転・操作</b>：<br> ・<b>ロキソプロフェンナトリウム水和物</b>：眠気、めまい等があらわれることがあるため、運転や危険を伴う機械の操作は避けるよう指導します。<br> ・<b>ジヒドロコデインリン酸塩</b>：強い眠気、めまい、ふらつき等を生じる可能性があるため、『運転や危険を伴う機械の操作は厳禁』です。<br> ・<b>dl-メチルエフェドリン塩酸塩</b>：めまい、不眠、神経過敏などの副作用が生じる可能性があるため、運転や危険を伴う機械の操作には注意するよう指導します。<br> ・<b>ブロムヘキシン塩酸塩</b>：眠気、めまい等があらわれることがあるため、運転や危険を伴う機械の操作は避けるよう指導します。<br> ・<b>クレマスチンフマル酸塩</b>：強い眠気、集中力低下、判断力低下が生じる可能性があるため、『運転や危険を伴う機械の操作は厳禁』です。<br>・<b>禁忌・受診勧奨</b>：<br> ・<b>ロキソプロフェンナトリウム水和物</b>：『消化性潰瘍』、重篤な血液異常・肝障害・腎障害・心機能不全、アスピリン喘息またはその既往歴、妊娠後期の患者は『禁忌』です。高血圧、心疾患、腎疾患、肝疾患、消化器疾患、喘息の既往歴がある患者、高齢者には慎重な判断と医師への受診勧奨が必要です。<br> ・<b>ジヒドロコデインリン酸塩</b>：重篤な呼吸抑制、気管支喘息発作中、頭部外傷、脳腫瘍、痙攣状態、急性アルコール中毒、MAO阻害薬投与中、『12歳未満の小児』は『禁忌』です。呼吸器疾患（COPDなど）、心機能障害、肝機能障害、腎機能障害、甲状腺機能低下症、副腎皮質機能不全、前立腺肥大症、尿道狭窄、薬物依存の既往歴がある患者には慎重な判断と医師への受診勧奨が必要です。<br> ・<b>dl-メチルエフェドリン塩酸塩</b>：『甲状腺機能亢進症』、『高血圧症』、『心疾患』、『糖尿病』、『前立腺肥大による排尿困難』、『緑内障』の患者は『禁忌』です。高齢者、精神神経疾患（不安、不眠など）、てんかんの患者には慎重な判断と医師への受診勧奨が必要です。<br> ・<b>ブロムヘキシン塩酸塩</b>：特段の禁忌はありませんが、消化性潰瘍の既往歴がある患者では症状悪化の可能性があるため、慎重な判断と医師への受診勧奨が必要です。<br> ・<b>クレマスチンフマル酸塩</b>：『緑内障』、『前立腺肥大等下部尿路閉塞性疾患』、『新生児・低出生体重児』は『禁忌』です。高齢者、てんかん、甲状腺機能亢進症、心血管系疾患、高血圧症、消化性潰瘍、閉塞性尿路疾患、呼吸器疾患（喘息など）の患者には慎重な判断と医師への受診勧奨が必要です。<br>・<b>相互作用</b>：<br> ・<b>ロキソプロフェンナトリウム水和物</b>：『抗凝固薬（ワルファリン）』、『抗血小板薬（アスピリン）』、『選択的セロトニン再取り込み阻害薬（SSRI）』、リチウム、メトトレキサート、チアジド系利尿薬、ACE阻害薬、アンジオテンシンII受容体拮抗薬、ステロイド、ニューキノロン系抗菌薬などとの併用で、消化管出血リスク増加、腎機能低下、薬効増強・減弱のリスクがあります。他のかぜ薬やNSAIDとの併用も避けるべきです。<br> ・<b>ジヒドロコデインリン酸塩</b>：『中枢神経抑制剤（アルコール、抗ヒスタミン薬、鎮静薬、睡眠薬、抗不安薬、フェノチアジン系薬剤など）』、『MAO阻害薬』、『三環系抗うつ薬』、『SSRI』、CYP2D6阻害薬（キニジン、パロキセチン、フルオキセチンなど）との併用で、中枢神経抑制作用の増強やセロトニン症候群のリスクがあります。アルコールとの併用は厳禁です。<br> ・<b>dl-メチルエフェドリン塩酸塩</b>：『カテコールアミン製剤』、『MAO阻害薬』、『甲状腺ホルモン製剤』、『三環系抗うつ薬』、『キサンチン系製剤』などとの併用で、作用増強、不整脈、高血圧、神経過敏のリスクがあります。他のかぜ薬や鼻炎薬との併用にも注意が必要です。<br> ・<b>ブロムヘキシン塩酸塩</b>：特に重要な相互作用は報告されていませんが、他のかぜ薬成分との併用には注意が必要です。<br> ・<b>クレマスチンフマル酸塩</b>：『中枢神経抑制剤（アルコール、鎮静薬、睡眠薬、抗不安薬、抗うつ薬、MAO阻害薬など）』、『抗コリン作用を有する薬剤（三環系抗うつ薬、フェノチアジン系薬剤など）』との併用で、中枢神経抑制作用や抗コリン作用の増強のリスクがあります。アルコールとの併用は避けるべきです。<br>・<b>濫用・MOH</b>：<br> ・<b>ロキソプロフェンナトリウム水和物</b>：NSAIDの過剰摂取による『薬剤乱用頭痛（MOH）』のリスクがあります。長期連用や高用量使用は避けるよう指導します。<br> ・<b>ジヒドロコデインリン酸塩</b>：オピオイド系鎮痛薬であり、『依存性・乱用リスクが高い』成分です。薬剤乱用頭痛（MOH）のリスクも高く、長期・高用量使用は避けるよう指導します。中枢神経抑制作用を持つ『ダウナー系』の薬剤です。<br> ・<b>dl-メチルエフェドリン塩酸塩</b>：中枢神経興奮作用があり、乱用リスクが指摘されることがあります。『アッパー系』の薬剤に分類されます。<br> ・<b>ブロムヘキシン塩酸塩</b>：乱用リスク、薬剤乱用頭痛リスクは低いと考えられます。<br> ・<b>クレマスチンフマル酸塩</b>：眠気や抗コリン作用による酩酊感から乱用される可能性は低いですが、意識障害のリスクがあります。中枢神経抑制作用を持つ『ダウナー系』の薬剤です。<br>・<b>ドーピング・毒性</b>：<br> ・<b>ロキソプロフェンナトリウム水和物</b>：WADA（世界アンチ・ドーピング機構）の禁止物質リストには『該当しません』。中毒量・致死量等の詳細はPoisindex等の一次資料を参照してください。<br> ・<b>ジヒドロコデインリン酸塩</b>：WADAの禁止物質リストに『競技会時禁止物質』として該当します。中毒量・致死量等の詳細はPoisindex等の一次資料を参照してください。<br> ・<b>dl-メチルエフェドリン塩酸塩</b>：WADAの禁止物質リストに『競技会時禁止物質』（特定濃度以上）として該当します。中毒量・致死量等の詳細はPoisindex等の一次資料を参照してください。<br> ・<b>ブロムヘキシン塩酸塩</b>：WADAの禁止物質リストには『該当しません』。中毒量・致死量等の詳細はPoisindex等の一次資料を参照してください。<br> ・<b>クレマスチンフマル酸塩</b>：WADAの禁止物質リストには『該当しません』。中毒量・致死量等の詳細はPoisindex等の一次資料を参照してください。,"{""成分マトリックス"":[{""成分名"":""ロキソプロフェンナトリウム水和物"",""妊婦・授乳婦"":{""判定"":""✕"",""備考"":""(妊娠: C / D (妊娠後期) / 授乳: 安全（L2相当）) 授乳中は短期間であれば継続可能。妊娠後期は他のNSAIDs同様に羊水過少や動脈管早期閉鎖のリスクがあるため禁忌。""},""運転・操作"":{""判定"":""ー"",""備考"":""眠気、めまい等があらわれることがあるため、運転や危険を伴う機械の操作は避けるよう指導します。""},""禁忌・受診勧奨"":{""判定"":""✕"",""備考"":""『消化性潰瘍』、重篤な血液異常・肝障害・腎障害・心機能不全、アスピリン喘息またはその既往歴、妊娠後期の患者は『禁忌』です。高血圧、心疾患、腎疾患、肝疾患、消化器疾患、喘息の既往歴がある患者、高齢者には慎重な判断と医師への受診勧奨が必要です。""},""相互作用"":{""判定"":""△"",""備考"":""『抗凝固薬（ワルファリン）』、『抗血小板薬（アスピリン）』、『選択的セロトニン再取り込み阻害薬（SSRI）』、リチウム、メトトレキサート、チアジド系利尿薬、ACE阻害薬、アンジオテンシンII受容体拮抗薬、ステロイド、ニューキノロン系抗菌薬などとの併用で、消化管出血リスク増加、腎機能低下、薬効増強・減弱のリスクがあります。他のかぜ薬やNSAIDとの併用も避けるべきです。""},""濫用・MOH"":{""判定"":""△"",""備考"":""NSAIDの過剰摂取による『薬剤乱用頭痛（MOH）』のリスクがあります。長期連用や高用量使用は避けるよう指導します。""},""ドーピング・毒性"":{""判定"":""ー"",""備考"":""WADA（世界アンチ・ドーピング機構）の禁止物質リストには『該当しません』。中毒量・致死量等の詳細はPoisindex等の一次資料を参照してください。""}},{""成分名"":""ジヒドロコデインリン酸塩"",""妊婦・授乳婦"":{""判定"":""△"",""備考"":""(妊娠: C / 授乳: 相談・注意（L3相当）) 授乳中の連用により乳児にモルヒネ中毒（傾眠・呼吸抑制等）のリスクあり。OTCの鎮咳薬として短期・単回でも授乳回避または非鎮静性成分への変更を提案する。""},""運転・操作"":{""判定"":""ー"",""備考"":""強い眠気、めまい、ふらつき等を生じる可能性があるため、『運転や危険を伴う機械の操作は厳禁』です。""},""禁忌・受診勧奨"":{""判定"":""✕"",""備考"":""重篤な呼吸抑制、気管支喘息発作中、頭部外傷、脳腫瘍、痙攣状態、急性アルコール中毒、MAO阻害薬投与中、『12歳未満の小児』は『禁忌』です。呼吸器疾患（COPDなど）、心機能障害、肝機能障害、腎機能障害、甲状腺機能低下症、副腎皮質機能不全、前立腺肥大症、尿道狭窄、薬物依存の既往歴がある患者には慎重な判断と医師への受診勧奨が必要です。""},""相互作用"":{""判定"":""△"",""備考"":""『中枢神経抑制剤（アルコール、抗ヒスタミン薬、鎮静薬、睡眠薬、抗不安薬、フェノチアジン系薬剤など）』、『MAO阻害薬』、『三環系抗うつ薬』、『SSRI』、CYP2D6阻害薬（キニジン、パロキセチン、フルオキセチンなど）との併用で、中枢神経抑制作用の増強やセロトニン症候群のリスクがあります。アルコールとの併用は厳禁です。""},""濫用・MOH"":{""判定"":""△"",""備考"":""オピオイド系鎮痛薬であり、『依存性・乱用リスクが高い』成分です。薬剤乱用頭痛（MOH）のリスクも高く、長期・高用量使用は避けるよう指導します。中枢神経抑制作用を持つ『ダウナー系』の薬剤です。""},""ドーピング・毒性"":{""判定"":""✕"",""備考"":""WADAの禁止物質リストに『競技会時禁止物質』として該当します。中毒量・致死量等の詳細はPoisindex等の一次資料を参照してください。""}},{""成分名"":""dl-メチルエフェドリン塩酸塩"",""妊婦・授乳婦"":{""判定"":""✕"",""備考"":""(妊娠: A (エフェドリン類) / 授乳: 注意（L3〜L4相当）) 血管収縮作用による母乳分泌量の低下リスクあり。授乳中は可能な限り単回・短期にとどめるか、去痰薬のみの処方（カルボシステイン等）への切り替えを推奨。""},""運転・操作"":{""判定"":""△"",""備考"":""めまい、不眠、神経過敏などの副作用が生じる可能性があるため、運転や危険を伴う機械の操作には注意するよう指導します。""},""禁忌・受診勧奨"":{""判定"":""✕"",""備考"":""『甲状腺機能亢進症』、『高血圧症』、『心疾患』、『糖尿病』、『前立腺肥大による排尿困難』、『緑内障』の患者は『禁忌』です。高齢者、精神神経疾患（不安、不眠など）、てんかんの患者には慎重な判断と医師への受診勧奨が必要です。""},""相互作用"":{""判定"":""△"",""備考"":""『カテコールアミン製剤』、『MAO阻害薬』、『甲状腺ホルモン製剤』、『三環系抗うつ薬』、『キサンチン系製剤』などとの併用で、作用増強、不整脈、高血圧、神経過敏のリスクがあります。他のかぜ薬や鼻炎薬との併用にも注意が必要です。""},""濫用・MOH"":{""判定"":""△"",""備考"":""中枢神経興奮作用があり、乱用リスクが指摘されることがあります。『アッパー系』の薬剤に分類されます。""},""ドーピング・毒性"":{""判定"":""✕"",""備考"":""WADAの禁止物質リストに『競技会時禁止物質』（特定濃度以上）として該当します。中毒量・致死量等の詳細はPoisindex等の一次資料を参照してください。""}},{""成分名"":""ブロムヘキシン塩酸塩"",""妊婦・授乳婦"":{""判定"":""〇"",""備考"":""(妊娠: A / 授乳: 安全（L2相当）) 気道粘液分泌促進薬。妊婦・授乳婦に対する明らかな有害事象の報告はなく比較的安全だが、妊娠中の第一選択としてはカルボシステイン等が推奨されることが多い。""},""運転・操作"":{""判定"":""ー"",""備考"":""眠気、めまい等があらわれることがあるため、運転や危険を伴う機械の操作は避けるよう指導します。""},""禁忌・受診勧奨"":{""判定"":""〇"",""備考"":""特段の禁忌はありませんが、消化性潰瘍の既往歴がある患者では症状悪化の可能性があるため、慎重な判断と医師への受診勧奨が必要です。""},""相互作用"":{""判定"":""△"",""備考"":""特に重要な相互作用は報告されていませんが、他のかぜ薬成分との併用には注意が必要です。""},""濫用・MOH"":{""判定"":""△"",""備考"":""乱用リスク、薬剤乱用頭痛リスクは低いと考えられます。""},""ドーピング・毒性"":{""判定"":""ー"",""備考"":""WADAの禁止物質リストには『該当しません』。中毒量・致死量等の詳細はPoisindex等の一次資料を参照してください。""}},{""成分名"":""クレマスチンフマル酸塩"",""妊婦・授乳婦"":{""判定"":""✕"",""備考"":""(妊娠: B1 / 授乳: 危険（L4相当）) 第一世代抗ヒスタミン薬の中でも特に乳児への移行性が高く、傾眠や哺乳力低下のリスクが報告されているため授乳中は使用を避ける。妊婦には比較的安全。""},""運転・操作"":{""判定"":""ー"",""備考"":""強い眠気、集中力低下、判断力低下が生じる可能性があるため、『運転や危険を伴う機械の操作は厳禁』です。""},""禁忌・受診勧奨"":{""判定"":""✕"",""備考"":""『緑内障』、『前立腺肥大等下部尿路閉塞性疾患』、『新生児・低出生体重児』は『禁忌』です。高齢者、てんかん、甲状腺機能亢進症、心血管系疾患、高血圧症、消化性潰瘍、閉塞性尿路疾患、呼吸器疾患（喘息など）の患者には慎重な判断と医師への受診勧奨が必要です。""},""相互作用"":{""判定"":""△"",""備考"":""『中枢神経抑制剤（アルコール、鎮静薬、睡眠薬、抗不安薬、抗うつ薬、MAO阻害薬など）』、『抗コリン作用を有する薬剤（三環系抗うつ薬、フェノチアジン系薬剤など）』との併用で、中枢神経抑制作用や抗コリン作用の増強のリスクがあります。アルコールとの併用は避けるべきです。""},""濫用・MOH"":{""判定"":""△"",""備考"":""眠気や抗コリン作用による酩酊感から乱用される可能性は低いですが、意識障害のリスクがあります。中枢神経抑制作用を持つ『ダウナー系』の薬剤です。""},""ドーピング・毒性"":{""判定"":""ー"",""備考"":""WADAの禁止物質リストには『該当しません』。中毒量・致死量等の詳細はPoisindex等の一次資料を参照してください。""}}]}"
2026/07/02 1:38:23,3,15才未満の小児,出産予定日12週以内の妊婦は服用禁止。妊婦又は妊娠していると思われる人、授乳中の人は要相談。,-,"{""basis"":""1錠中"",""ingredients"":[{""name"":""ロキソプロフェンナトリウム水和物"",""id"":""D01709"",""amount"":68.1,""unit"":""mg""}]}","{""adult_dose"":""1錠×3回"",""daily_dose"":3,""prohibited_age"":""15才未満の小児""}","{""driving_warning"":""眠気注意"",""pregnancy_warning"":""出産予定日12週以内の妊婦は服用禁止。妊婦又は妊娠していると思われる人、授乳中の人は要相談。"",""drug_category"":""解熱鎮痛薬"",""category_limit"":7,""packages"":[{""package_type"":""12錠"",""estimated_days"":4,""capacity_judgment"":""小容量""}]}",頭痛、歯痛、生理痛をはじめ、抜歯後の疼痛、咽喉痛、耳痛、関節痛、神経痛、腰痛、筋肉痛、肩こり痛、打撲痛、骨折痛、捻挫痛、外傷痛などの鎮痛に効果を発揮します。また、悪寒・発熱時の解熱にも使用できる一般用医薬品です。,ロキソプロフェン錠「LS」,対象外,-,"【⚠️レッドフラッグあり：現場確認必須】

【ロキソプロフェンナトリウム水和物】(妊娠: C / D (妊娠後期) / 授乳: 安全（L2相当）)
授乳中は短期間であれば継続可能。妊娠後期は他のNSAIDs同様に羊水過少や動脈管早期閉鎖のリスクがあるため禁忌。",【現場_代替薬提案】<br>ロキソプロフェンは非ステロイド性抗炎症薬（NSAIDs）であり、消化器系、腎臓、心臓への影響や、妊娠後期における胎児への影響が懸念されます。<br>・<b>妊婦・授乳婦</b>：妊娠中、特に妊娠後期（妊娠28週以降）は禁忌です。妊娠初期・中期も可能な限り避け、アセトアミノフェンを第一選択として提案してください。授乳婦についても、アセトアミノフェンがより安全な選択肢となります。<br>・<b>消化器リスクのある方</b>：消化性潰瘍の既往がある方や、高齢者など消化器症状のリスクが高い方には、アセトアミノフェンや、外用鎮痛薬（湿布、ゲルなど）を提案してください。<br>・<b>腎機能・心機能に懸念のある方</b>：腎機能障害や心機能不全のある方には、NSAIDsの使用は病状を悪化させる可能性があるため、アセトアミノフェンや医師への相談を推奨してください。<br>・<b>アスピリン喘息の既往がある方</b>：アスピリン喘息の既往がある場合は、ロキソプロフェンも禁忌となります。アセトアミノフェンを提案してください。,【現場_服薬指導エビデンス】<br>・<b>妊婦・授乳婦</b>：<br> ・<b>ロキソプロフェンナトリウム水和物</b>：<br>  『妊婦』：妊娠末期（妊娠28週以降）は、胎児の動脈管収縮・閉鎖、胎児腎機能障害による羊水過少症、新生児遷延性肺高血圧症などのリスクがあるため禁忌です。妊娠初期～中期においても、治療上の有益性が危険性を上回ると判断される場合にのみ慎重に投与されます。成育医療研究センターの分類では、妊娠初期～中期は『L3』、妊娠後期は『L5』に相当すると考えられます。オーストラリアTGA分類は『C』です。妊娠を希望する女性にも、排卵障害のリスクから注意が必要です。<br>  『授乳婦』：母乳中へ移行することが報告されています。添付文書では『治療上の有益性及び母乳栄養の有益性を考慮し、授乳の継続又は中止を検討すること』とされています。一般的に、授乳婦へのNSAIDsは推奨されない場合が多いです。アセトアミノフェンが第一選択薬として推奨されることが多いです。<br>・<b>運転・操作</b>：<br> ・<b>ロキソプロフェンナトリウム水和物</b>：眠気、めまい、ふらつき等の副作用が報告されているため、服用中は自動車の運転等危険を伴う機械の操作を避けるよう指導が必要です。半減期は約1.25時間と比較的短時間ですが、個人差や体質による影響も考慮し、服用後の体調変化に注意を促してください。<br>・<b>禁忌・受診勧奨</b>：<br> ・<b>ロキソプロフェンナトリウム水和物</b>：<br>  『禁忌』：消化性潰瘍、重篤な血液の異常、重篤な肝機能障害、重篤な腎機能障害、重篤な心機能不全、重篤な高血圧症、アスピリン喘息またはその既往歴、妊娠末期、本剤の成分に対し過敏症の既往歴がある患者には投与できません。<br>  『慎重投与』：消化性潰瘍の既往歴、血液の異常またはその既往歴、肝機能障害またはその既往歴、腎機能障害またはその既往歴、心機能障害、高血圧症、気管支喘息、潰瘍性大腸炎、クローン病、高齢者、小児には慎重に投与する必要があります。<br>  『受診勧奨』：症状が改善しない場合や、胃痛、吐血、黒色便、浮腫、発疹などの副作用が現れた場合は、直ちに医師の診察を受けるよう指導してください。特に消化器症状には注意が必要です。<br>・<b>相互作用</b>：<br> ・<b>ロキソプロフェンナトリウム水和物</b>：<br>  『抗凝血薬（ワルファリン等）』：併用により出血傾向が増強する可能性があります。<br>  『メトトレキサート』：メトトレキサートの腎排泄を抑制し、作用を増強する可能性があります。<br>  『リチウム製剤』：リチウムの腎排泄を抑制し、作用を増強する可能性があります。<br>  『チアジド系利尿薬、ループ利尿薬』：利尿作用や降圧作用を減弱させる可能性があります。<br>  『ACE阻害薬、アンジオテンシンII受容体拮抗薬』：降圧作用を減弱させ、腎機能悪化のリスクを高める可能性があります。<br>  『選択的セロトニン再取り込み阻害薬（SSRI）』：消化管出血のリスクが増加する可能性があります。<br>  『ステロイド』：消化性潰瘍のリスクが増加する可能性があります。<br>  『ニューキノロン系抗菌薬』：痙攣のリスクが増加する可能性があります。<br>  『アルコール』：消化性潰瘍のリスクが増加し、肝臓への負担も増す可能性があります。服用中の飲酒は避けるよう指導してください。<br>・<b>濫用・MOH</b>：<br> ・<b>ロキソプロフェンナトリウム水和物</b>：ロキソプロフェンはアッパー/ダウナー分類には該当しません。しかし、頭痛薬の過度な使用は薬剤乱用頭痛（MOH: Medication Overuse Headache）を引き起こす可能性があります。特に月10日以上、3ヶ月以上にわたって鎮痛薬を服用している場合はMOHを疑い、医師への相談を強く推奨してください。<br>・<b>ドーピング・毒性</b>：<br> ・<b>ロキソプロフェンナトリウム水和物</b>：<br>  『ドーピング』：WADA（世界アンチ・ドーピング機構）の禁止薬物リストには含まれていないため、ドーピングには該当しません。<br>  『毒性』：【要確認】中毒量・致死量等の詳細はPoisindex等の一次資料を参照。一般的なNSAIDsの過量投与では、消化器症状（吐き気、嘔吐、腹痛）、傾眠、めまい、腎機能障害、肝機能障害が報告されており、重篤な場合は痙攣、昏睡、呼吸抑制などが起こりえます。,"{""成分マトリックス"":[{""成分名"":""ロキソプロフェンナトリウム水和物"",""妊婦・授乳婦"":{""判定"":""✕"",""備考"":""(妊娠: C / D (妊娠後期) / 授乳: 安全（L2相当）) 授乳中は短期間であれば継続可能。妊娠後期は他のNSAIDs同様に羊水過少や動脈管早期閉鎖のリスクがあるため禁忌。""},""運転・操作"":{""判定"":""△"",""備考"":""眠気、めまい、ふらつき等の副作用が報告されているため、服用中は自動車の運転等危険を伴う機械の操作を避けるよう指導が必要です。半減期は約1.25時間と比較的短時間ですが、個人差や体質による影響も考慮し、服用後の体調変化に注意を促してください。""},""禁忌・受診勧奨"":{""判定"":""✕"",""備考"":""『禁忌』：消化性潰瘍、重篤な血液の異常、重篤な肝機能障害、重篤な腎機能障害、重篤な心機能不全、重篤な高血圧症、アスピリン喘息またはその既往歴、妊娠末期、本剤の成分に対し過敏症の既往歴がある患者には投与できません。  『慎重投与』：消化性潰瘍の既往歴、血液の異常またはその既往歴、肝機能障害またはその既往歴、腎機能障害またはその既往歴、心機能障害、高血圧症、気管支喘息、潰瘍性大腸炎、クローン病、高齢者、小児には慎重に投与する必要があります。  『受診勧奨』：症状が改善しない場合や、胃痛、吐血、黒色便、浮腫、発疹などの副作用が現れた場合は、直ちに医師の診察を受けるよう指導してください。特に消化器症状には注意が必要です。""},""相互作用"":{""判定"":""△"",""備考"":""『抗凝血薬（ワルファリン等）』：併用により出血傾向が増強する可能性があります。  『メトトレキサート』：メトトレキサートの腎排泄を抑制し、作用を増強する可能性があります。  『リチウム製剤』：リチウムの腎排泄を抑制し、作用を増強する可能性があります。  『チアジド系利尿薬、ループ利尿薬』：利尿作用や降圧作用を減弱させる可能性があります。  『ACE阻害薬、アンジオテンシンII受容体拮抗薬』：降圧作用を減弱させ、腎機能悪化のリスクを高める可能性があります。  『選択的セロトニン再取り込み阻害薬（SSRI）』：消化管出血のリスクが増加する可能性があります。  『ステロイド』：消化性潰瘍のリスクが増加する可能性があります。  『ニューキノロン系抗菌薬』：痙攣のリスクが増加する可能性があります。  『アルコール』：消化性潰瘍のリスクが増加し、肝臓への負担も増す可能性があります。服用中の飲酒は避けるよう指導してください。""},""濫用・MOH"":{""判定"":""△"",""備考"":""ロキソプロフェンはアッパー/ダウナー分類には該当しません。しかし、頭痛薬の過度な使用は薬剤乱用頭痛（MOH: Medication Overuse Headache）を引き起こす可能性があります。特に月10日以上、3ヶ月以上にわたって鎮痛薬を服用している場合はMOHを疑い、医師への相談を強く推奨してください。""},""ドーピング・毒性"":{""判定"":""ー"",""備考"":""『ドーピング』：WADA（世界アンチ・ドーピング機構）の禁止薬物リストには含まれていないため、ドーピングには該当しません。  『毒性』：【要確認】中毒量・致死量等の詳細はPoisindex等の一次資料を参照。一般的なNSAIDsの過量投与では、消化器症状（吐き気、嘔吐、腹痛）、傾眠、めまい、腎機能障害、肝機能障害が報告されており、重篤な場合は痙攣、昏睡、呼吸抑制などが起こりえます。""}}]}"
2026/07/02 1:40:50,3,15歳未満の小児,出産予定日12週以内の妊婦は服用せず、妊婦または妊娠していると思われる人、授乳中の人は服用前に医師等に相談すること。,-,"{""basis"":""1錠中"",""ingredients"":[{""name"":""ロキソプロフェンナトリウム水和物"",""id"":""D01709"",""amount"":68.1,""unit"":""mg""}]}","{""adult_dose"":""1錠×2回（最大3回）"",""daily_dose"":3,""prohibited_age"":""15歳未満の小児""}","{""driving_warning"":"""",""pregnancy_warning"":""出産予定日12週以内の妊婦は服用せず、妊婦または妊娠していると思われる人、授乳中の人は服用前に医師等に相談すること。"",""drug_category"":""解熱鎮痛薬"",""category_limit"":7,""packages"":[{""package_type"":""12錠"",""estimated_days"":4,""capacity_judgment"":""小容量""}]}",ロキソプロフェン錠「クニヒロ」は、痛みや熱の原因となるプロスタグランジンの生成を抑えるロキソプロフェンナトリウム水和物を成分とした錠剤です。頭痛や生理痛、発熱時の解熱など様々な痛みや熱に効果を発揮します。,ロキソプロフェン錠「クニヒロ」,対象外,-,"【⚠️レッドフラッグあり：現場確認必須】

【ロキソプロフェンナトリウム水和物】(妊娠: C / D (妊娠後期) / 授乳: 安全（L2相当）)
授乳中は短期間であれば継続可能。妊娠後期は他のNSAIDs同様に羊水過少や動脈管早期閉鎖のリスクがあるため禁忌。",【現場_代替薬提案】<br>・<b>妊婦・授乳婦、消化性潰瘍の既往がある患者</b>：アセトアミノフェン製剤を第一選択として提案します。アセトアミノフェンは妊娠中・授乳中の鎮痛解熱薬として比較的安全性が高いとされています。<br>・<b>胃腸障害が懸念される患者</b>：胃への負担が少ないアセトアミノフェン製剤を推奨します。また、症状によっては漢方薬（例: 葛根湯など）も検討できます。<br>・<b>局所的な痛みに対して</b>：内服薬ではなく、ロキソプロフェンやフェルビナクなどの外用鎮痛消炎剤（湿布、ゲル、ローションなど）の使用も選択肢として提案できます。,【現場_服薬指導エビデンス】<br>・<b>妊婦・授乳婦</b>：<br> ・<b>ロキソプロフェンナトリウム水和物</b>：<br>  ・『妊婦』：妊娠末期（妊娠28週以降）の女性には禁忌です。胎児の動脈管収縮・閉鎖、胎児腎機能障害、羊水過少、新生児遷延性肺高血圧症、分娩遅延のリスクがあります。妊娠初期・中期も可能な限り使用を避けるべきであり、特に妊娠初期のNSAIDs使用と先天性異常（心奇形、腹壁破裂など）の関連が示唆される報告もあります。成育医療センターの評価ではL3とされています。<br>  ・『授乳婦』：母乳中への移行が報告されています。乳児への影響は少ないとする報告もありますが、メーカーは授乳を避けるよう指導しています。成育医療センターの評価ではL2とされています。授乳中の鎮痛解熱薬としてはアセトアミノフェンが第一選択となります。<br>・<b>運転・操作</b>：<br> ・<b>ロキソプロフェンナトリウム水和物</b>：副作用として眠気やめまいが報告されています。そのため、服用後は自動車の運転や危険を伴う機械の操作は避けるよう指導してください。<br>・<b>禁忌・受診勧奨</b>：<br> ・<b>ロキソプロフェンナトリウム水和物</b>：<br>  ・『禁忌』：消化性潰瘍の既往・現病歴、重篤な血液の異常、肝機能障害、腎機能障害、心機能不全、アスピリン喘息またはその既往歴、妊娠末期、本剤成分への過敏症の既往がある患者には禁忌です。<br>  ・『受診勧奨』：高血圧、心疾患、腎疾患、肝疾患、消化器疾患、喘息、血液凝固異常などの基礎疾患がある患者、高齢者、他の薬剤を服用中の患者、長期連用を希望する患者については、服用前に医師または薬剤師に相談するよう強く勧奨してください。<br>・<b>相互作用</b>：<br> ・<b>ロキソプロフェンナトリウム水和物</b>：<br>  ・『ワルファリン等の抗凝固薬』：出血傾向が増強するリスクがあります。<br>  ・『メトトレキサート』：メトトレキサートの排泄を阻害し、毒性を増強する可能性があります。<br>  ・『リチウム』：リチウムの血中濃度を上昇させ、毒性を増強する可能性があります。<br>  ・『チアジド系利尿薬、ループ利尿薬』：利尿作用を減弱させ、腎障害のリスクを増大させる可能性があります。<br>  ・『ACE阻害薬、アンジオテンシンII受容体拮抗薬』：降圧作用を減弱させ、腎障害のリスクを増大させる可能性があります。<br>  ・『SSRI（選択的セロトニン再取り込み阻害薬）』：消化管出血のリスクが増大する可能性があります。<br>  ・『アルコール』：消化管障害（特に潰瘍）や肝障害のリスクが増大するため、併用は避けるべきです。<br>  ・『ニューキノロン系抗菌薬』：痙攣のリスクが増大する可能性があります。<br>  ・『ステロイド』：消化性潰瘍のリスクが増大します。<br>  ・『他のNSAIDs』：消化性潰瘍、腎障害などの副作用リスクがさらに増大するため、併用は避けるべきです。<br>・<b>濫用・MOH</b>：<br> ・<b>ロキソプロフェンナトリウム水和物</b>：直接的な精神依存性はありませんが、鎮痛薬の慢性的な使用は薬剤乱用頭痛（MOH: Medication Overuse Headache）を引き起こす可能性があります。特に月に10日以上、3ヶ月以上にわたって鎮痛薬を使用し続けるとMOHのリスクが高まるため、頭痛の頻度や強さが増している場合は専門医への受診を勧奨してください。<br>・<b>ドーピング・毒性</b>：<br> ・<b>ロキソプロフェンナトリウム水和物</b>：<br>  ・『ドーピング』：WADA（世界アンチ・ドーピング機構）の禁止物質リストには含まれていません。<br>  ・『毒性』：過量投与により、消化器症状（悪心、嘔吐、腹痛、消化管出血）、腎機能障害、肝機能障害、中枢神経症状（眠気、めまい、痙攣）などが現れる可能性があります。具体的な中毒量・致死量等の詳細はPoisindex等の一次資料を参照してください。,"{""成分マトリックス"":[{""成分名"":""ロキソプロフェンナトリウム水和物"",""妊婦・授乳婦"":{""判定"":""✕"",""備考"":""(妊娠: C / D (妊娠後期) / 授乳: 安全（L2相当）) 授乳中は短期間であれば継続可能。妊娠後期は他のNSAIDs同様に羊水過少や動脈管早期閉鎖のリスクがあるため禁忌。""},""運転・操作"":{""判定"":""ー"",""備考"":""副作用として眠気やめまいが報告されています。そのため、服用後は自動車の運転や危険を伴う機械の操作は避けるよう指導してください。""},""禁忌・受診勧奨"":{""判定"":""✕"",""備考"":""・『禁忌』：消化性潰瘍の既往・現病歴、重篤な血液の異常、肝機能障害、腎機能障害、心機能不全、アスピリン喘息またはその既往歴、妊娠末期、本剤成分への過敏症の既往がある患者には禁忌です。  ・『受診勧奨』：高血圧、心疾患、腎疾患、肝疾患、消化器疾患、喘息、血液凝固異常などの基礎疾患がある患者、高齢者、他の薬剤を服用中の患者、長期連用を希望する患者については、服用前に医師または薬剤師に相談するよう強く勧奨してください。""},""相互作用"":{""判定"":""△"",""備考"":""・『ワルファリン等の抗凝固薬』：出血傾向が増強するリスクがあります。  ・『メトトレキサート』：メトトレキサートの排泄を阻害し、毒性を増強する可能性があります。  ・『リチウム』：リチウムの血中濃度を上昇させ、毒性を増強する可能性があります。  ・『チアジド系利尿薬、ループ利尿薬』：利尿作用を減弱させ、腎障害のリスクを増大させる可能性があります。  ・『ACE阻害薬、アンジオテンシンII受容体拮抗薬』：降圧作用を減弱させ、腎障害のリスクを増大させる可能性があります。  ・『SSRI（選択的セロトニン再取り込み阻害薬）』：消化管出血のリスクが増大する可能性があります。  ・『アルコール』：消化管障害（特に潰瘍）や肝障害のリスクが増大するため、併用は避けるべきです。  ・『ニューキノロン系抗菌薬』：痙攣のリスクが増大する可能性があります。  ・『ステロイド』：消化性潰瘍のリスクが増大します。  ・『他のNSAIDs』：消化性潰瘍、腎障害などの副作用リスクがさらに増大するため、併用は避けるべきです。""},""濫用・MOH"":{""判定"":""〇"",""備考"":""直接的な精神依存性はありませんが、鎮痛薬の慢性的な使用は薬剤乱用頭痛（MOH: Medication Overuse Headache）を引き起こす可能性があります。特に月に10日以上、3ヶ月以上にわたって鎮痛薬を使用し続けるとMOHのリスクが高まるため、頭痛の頻度や強さが増している場合は専門医への受診を勧奨してください。""},""ドーピング・毒性"":{""判定"":""ー"",""備考"":""・『ドーピング』：WADA（世界アンチ・ドーピング機構）の禁止物質リストには含まれていません。  ・『毒性』：過量投与により、消化器症状（悪心、嘔吐、腹痛、消化管出血）、腎機能障害、肝機能障害、中枢神経症状（眠気、めまい、痙攣）などが現れる可能性があります。具体的な中毒量・致死量等の詳細はPoisindex等の一次資料を参照してください。""}}]}"
2026/07/02 1:47:13,2,15才未満の小児,授乳中の服用は避ける。妊婦は医師に相談。,-,"{""basis"":""2錠中"",""ingredients"":[{""name"":""フェキソフェナジン塩酸塩"",""id"":""D00671"",""amount"":120,""unit"":""mg""}]}","{""adult_dose"":""1錠×2回"",""daily_dose"":2,""prohibited_age"":""15才未満の小児""}","{""driving_warning"":""眠気注意"",""pregnancy_warning"":""授乳中の服用は避ける。妊婦は医師に相談。"",""drug_category"":""鼻炎用内服薬"",""category_limit"":7,""packages"":[{""package_type"":""14錠"",""estimated_days"":7,""capacity_judgment"":""小容量""},{""package_type"":""28錠"",""estimated_days"":14,""capacity_judgment"":""大容量""},{""package_type"":""56錠"",""estimated_days"":28,""capacity_judgment"":""大容量""}]}",第2世代抗ヒスタミン成分フェキソフェナジン塩酸塩を配合したアレルギー専用鼻炎薬。花粉やハウスダストによるくしゃみ、鼻水、鼻づまりなどのアレルギー症状に優れた効果を発揮します。脳に影響を与えにくく眠くなりにくいのが特長で、集中力や判断力の低下も起こしにくいです。1日2回朝夕服用で1日中効果が持続し、空腹時でも服用できます。花粉飛散予測日からの早めの服用が効果的です。,アレグラFX,＊対象外,"アレグラFX：Fexofenadineの頭文字「F」、（効き目Effectや、素早くFast届くという意味も）｡「X」は、「未知数、究極、進化」
        アレグラの授乳の件は典型例で、処方薬の添付文書には「治療上の有益性が危険性を上回ると判断される場合にのみ」という定型文が入っていますが、実臨床ではL1（最も安全）に分類されていてほぼ無条件で使える薬。ただし、OTCにおいては「添付文書の文言に忠実」であることが、単なる保守的姿勢ではなく、説明責任の観点から合理的な選択
        「アレグラFXプレミアム」：2025年秋発売、血管収縮剤のプソイドエフェドリン塩酸塩が追加配合(指定濫用対象)｡医療用のディレグラ配合錠と同様､ 閉塞隅角緑内障であれば禁忌","【フェキソフェナジン塩酸塩】(妊娠: B2 / 授乳: 安全（L2相当）)
母乳への移行性が極めて低く、授乳中のアレルギー疾患に対する第一選択。妊娠中も有益性投与として広く用いられる。",【現場_代替薬提案】<br>アレグラFXは第2世代抗ヒスタミン薬の中でも特に眠気が出にくいとされていますが、患者さんの状況によっては以下の代替薬・代替成分も考慮できます。<br>・<b>妊婦・授乳婦</b>：妊娠中のアレルギー性鼻炎治療では、フェキソフェナジンは比較的安全性が高いとされていますが、より慎重を期す場合は、点鼻ステロイド薬や生理食塩水による鼻洗浄など局所療法を優先することが推奨されます。授乳婦についても同様に、乳児への影響が少ないとされる薬剤や局所療法が選択肢となります。<br>・<b>運転者</b>：アレグラFXは眠気のリスクが低いですが、万一の眠気を懸念される場合は、ロラタジン（クラリチンEXなど）も眠気のリスクが低い第2世代抗ヒスタミン薬として選択肢となります。また、症状が鼻炎に限定される場合は、鼻噴霧用ステロイド薬（ナザールαARなど）や点鼻薬・点眼薬の使用も検討されます。<br>・<b>基礎疾患を持つ患者</b>：腎機能障害のある患者では、フェキソフェナジンの血中濃度が上昇する可能性があるため、医師・薬剤師への相談を推奨します。他の基礎疾患については、医師の診断に基づいた適切な治療薬の選択が重要です。,【現場_服薬指導エビデンス】<br>・<b>妊婦・授乳婦</b>：<br> ・<b>フェキソフェナジン塩酸塩</b>：妊娠中の使用について、国立成育医療研究センターの評価では『L2（比較的安全）』に分類されており、他の第2世代抗ヒスタミン薬と同様に、一般的に安全性が高いと考えられています。動物実験では胎盤通過性が示されていますが、ヒトでの催奇形性リスクは低いとされています。授乳中の使用についても、乳汁への移行は少量であり、乳児への影響は少ないとされています。LactMed等の情報源では「通常、授乳中に使用しても安全」と評価されています。ただし、乳児の状態（特に新生児や低出生体重児）を観察し、異常があれば中止を検討するよう指導してください。<br>・<b>運転・操作</b>：<br> ・<b>フェキソフェナジン塩酸塩</b>：本剤は第2世代抗ヒスタミン薬であり、中枢神経系への移行が少ないため、眠気や集中力低下の副作用は他の抗ヒスタミン薬（特に第1世代）と比較して非常に少ないとされています。しかし、添付文書には『眠気を催すことがあるので、自動車の運転等危険を伴う機械の操作に従事させないよう十分注意すること』と記載されています。これは個人差があるため、服用後は自身の体調や反応を確認し、眠気や集中力低下を感じた場合は運転や危険な機械の操作を避けるよう指導してください。<br>・<b>禁忌・受診勧奨</b>：<br> ・<b>フェキソフェナジン塩酸塩</b>：本剤の成分に対し過敏症の既往歴のある患者は禁忌です。また、腎機能障害のある患者では、フェキソフェナジンの排泄が遅延し血中濃度が上昇する可能性があるため、慎重な投与が必要です。高齢者も腎機能が低下している場合があるため注意が必要です。肝機能障害患者への特別な注意は添付文書には明記されていませんが、一般的に肝機能低下患者では薬物動態が変化する可能性があるため、医師・薬剤師に相談するよう勧奨してください。アレルギー性鼻炎、蕁麻疹、皮膚疾患に伴うそう痒以外の症状への使用は避けるべきです。<br>・<b>相互作用</b>：<br> ・<b>フェキソフェナジン塩酸塩</b>：<br>  ・<b>制酸剤</b>：水酸化アルミニウム・水酸化マグネシウム含有製剤（例：マーロックス、ガスター10など）との併用により、フェキソフェナジンの吸収が低下する可能性があります。これらの製剤を服用する場合は、フェキソフェナジン服用後2時間程度間隔を空けるよう指導してください。<br>  ・<b>エリスロマイシン、シメチジン</b>：これらの薬剤との併用により、フェキソフェナジンの血中濃度が上昇する可能性が報告されていますが、臨床的に問題となるほどの大きな影響は少ないとされています。しかし、併用する場合は注意深く観察してください。<br>  ・<b>アルコール</b>：フェキソフェナジンは中枢神経抑制作用が少ないため、アルコールとの併用による眠気や鎮静作用の増強は他の抗ヒスタミン薬に比べて低いと考えられます。しかし、体質や体調によっては影響が出ることがあるため、念のためアルコールの摂取は控えるか、少量に留めるよう指導してください。<br>  ・<b>グレープフルーツジュース</b>：フェキソフェナジンはP糖タンパク質を介して吸収・排泄されるため、グレープフルーツジュースとの相互作用は報告されていません。他の抗ヒスタミン薬の一部ではCYP3A4を介した代謝阻害により血中濃度が上昇する可能性がありますが、フェキソフェナジンにはこのリスクはありません。<br>・<b>濫用・MOH</b>：<br> ・<b>フェキソフェナジン塩酸塩</b>：本剤は中枢神経作用がほとんどないため、乱用対象となる成分ではありません。アッパー/ダウナーのような精神作用を目的とした使用や、薬剤乱用頭痛（MOH）のリスクは極めて低いと考えられます。<br>・<b>ドーピング・毒性</b>：<br> ・<b>フェキソフェナジン塩酸塩</b>：WADA（世界アンチ・ドーピング機構）の禁止物質リストには、フェキソフェナジンは含まれていません。したがって、ドーピングには該当しません。<br>  ・<b>毒性</b>：フェキソフェナジン塩酸塩の具体的なヒトにおける中毒量（TD50）や致死量は、一般的に公開されている情報源からは得られません。過量服用時には、眠気、めまい、口渇などの症状が現れる可能性がありますが、重篤な毒性は稀とされています。過量服用が疑われる場合は速やかに医療機関を受診するよう指導してください。詳細な中毒量・致死量等の情報はPoisindex等の一次資料を参照してください。,"{""成分マトリックス"":[{""成分名"":""フェキソフェナジン塩酸塩"",""妊婦・授乳婦"":{""判定"":""〇"",""備考"":""(妊娠: B2 / 授乳: 安全（L2相当）) 母乳への移行性が極めて低く、授乳中のアレルギー疾患に対する第一選択。妊娠中も有益性投与として広く用いられる。""},""運転・操作"":{""判定"":""△"",""備考"":""本剤は第2世代抗ヒスタミン薬であり、中枢神経系への移行が少ないため、眠気や集中力低下の副作用は他の抗ヒスタミン薬（特に第1世代）と比較して非常に少ないとされています。しかし、添付文書には『眠気を催すことがあるので、自動車の運転等危険を伴う機械の操作に従事させないよう十分注意すること』と記載されています。これは個人差があるため、服用後は自身の体調や反応を確認し、眠気や集中力低下を感じた場合は運転や危険な機械の操作を避けるよう指導してください。""},""禁忌・受診勧奨"":{""判定"":""✕"",""備考"":""本剤の成分に対し過敏症の既往歴のある患者は禁忌です。また、腎機能障害のある患者では、フェキソフェナジンの排泄が遅延し血中濃度が上昇する可能性があるため、慎重な投与が必要です。高齢者も腎機能が低下している場合があるため注意が必要です。肝機能障害患者への特別な注意は添付文書には明記されていませんが、一般的に肝機能低下患者では薬物動態が変化する可能性があるため、医師・薬剤師に相談するよう勧奨してください。アレルギー性鼻炎、蕁麻疹、皮膚疾患に伴うそう痒以外の症状への使用は避けるべきです。""},""相互作用"":{""判定"":""ー"",""備考"":""""},""濫用・MOH"":{""判定"":""〇"",""備考"":""本剤は中枢神経作用がほとんどないため、乱用対象となる成分ではありません。アッパー/ダウナーのような精神作用を目的とした使用や、薬剤乱用頭痛（MOH）のリスクは極めて低いと考えられます。""},""ドーピング・毒性"":{""判定"":""ー"",""備考"":""WADA（世界アンチ・ドーピング機構）の禁止物質リストには、フェキソフェナジンは含まれていません。したがって、ドーピングには該当しません。""}},{""成分名"":""制酸剤"",""相互作用"":{""判定"":""ー"",""備考"":""水酸化アルミニウム・水酸化マグネシウム含有製剤（例：マーロックス、ガスター10など）との併用により、フェキソフェナジンの吸収が低下する可能性があります。これらの製剤を服用する場合は、フェキソフェナジン服用後2時間程度間隔を空けるよう指導してください。""}},{""成分名"":""エリスロマイシン、シメチジン"",""相互作用"":{""判定"":""△"",""備考"":""これらの薬剤との併用により、フェキソフェナジンの血中濃度が上昇する可能性が報告されていますが、臨床的に問題となるほどの大きな影響は少ないとされています。しかし、併用する場合は注意深く観察してください。""}},{""成分名"":""アルコール"",""相互作用"":{""判定"":""ー"",""備考"":""フェキソフェナジンは中枢神経抑制作用が少ないため、アルコールとの併用による眠気や鎮静作用の増強は他の抗ヒスタミン薬に比べて低いと考えられます。しかし、体質や体調によっては影響が出ることがあるため、念のためアルコールの摂取は控えるか、少量に留めるよう指導してください。""}},{""成分名"":""グレープフルーツジュース"",""相互作用"":{""判定"":""〇"",""備考"":""フェキソフェナジンはP糖タンパク質を介して吸収・排泄されるため、グレープフルーツジュースとの相互作用は報告されていません。他の抗ヒスタミン薬の一部ではCYP3A4を介した代謝阻害により血中濃度が上昇する可能性がありますが、フェキソフェナジンにはこのリスクはありません。""}},{""成分名"":""毒性"",""ドーピング・毒性"":{""判定"":""ー"",""備考"":""フェキソフェナジン塩酸塩の具体的なヒトにおける中毒量（TD50）や致死量は、一般的に公開されている情報源からは得られません。過量服用時には、眠気、めまい、口渇などの症状が現れる可能性がありますが、重篤な毒性は稀とされています。過量服用が疑われる場合は速やかに医療機関を受診するよう指導してください。詳細な中毒量・致死量等の情報はPoisindex等の一次資料を参照してください。""}}]}"
2026/07/02 17:22:21,3,15歳未満の小児,出産予定日12週以内の妊婦は服用不可。妊婦又は妊娠していると思われる人、授乳中の人は服用前に医師等に相談すること。,-,"{""basis"":""1錠中"",""ingredients"":[{""name"":""イブプロフェン"",""id"":""D00126"",""amount"":150,""unit"":""mg""},{""name"":""ブチルスコポラミン臭化物"",""id"":""D01451"",""amount"":10,""unit"":""mg""}]}","{""adult_dose"":""1錠×3回"",""daily_dose"":3,""prohibited_age"":""15歳未満の小児""}","{""driving_warning"":""運転禁止（服用後5〜6時間は乗物・機械類の運転操作不可／抗コリン作用による目のかすみ・異常なまぶしさのため）"",""pregnancy_warning"":""出産予定日12週以内の妊婦は服用不可。妊婦又は妊娠していると思われる人、授乳中の人は服用前に医師等に相談すること。"",""drug_category"":""解熱鎮痛薬"",""category_limit"":7,""packages"":[{""package_type"":""12錠"",""estimated_days"":4,""capacity_judgment"":""小容量""}]}",エルペインコーワは生理特有の痛みに効く生理痛専用薬です。「ズキズキする痛み」に効くイブプロフェンと「ぎゅ～っとねじれるような痛み」に効くブチルスコポラミン臭化物を配合し、生理特有の痛みに速く、よく効きます。眠くなる成分を含まず、1回1錠、小粒でのみやすい。お腹のゆるさを伴う生理痛にも適しています。,エルペインコーワ,対象外,-,"【⚠️レッドフラッグあり：現場確認必須】

【イブプロフェン】(妊娠: C / D (妊娠後期) / 授乳: 安全（L1相当）)
授乳中は母乳移行が極めて少なく安全（L1）。妊娠初期〜中期は有益性投与（C）だが、妊娠後期（28週以降）は動脈管収縮リスクのため禁忌（D）。

【ブチルスコポラミン臭化物】(妊娠: B2 / 授乳: 相談・注意（L3相当）)
授乳中は安全に注意して使用（L3）[cite: 21]。抗コリン作用により母乳分泌を抑制する可能性あり。妊婦への使用は比較的安全だが、出産直前（末期）は胎児の心拍数に影響を与える可能性があるため注意する[cite: 21]。",【現場_代替薬提案】<br>エルペインコーワはイブプロフェン（NSAIDs）とブチルスコポラミン臭化物（抗コリン薬）の配合剤であり、生理痛、特に痛みと痙攣を伴う症状に特化しています。<br>・<b>妊婦・授乳婦</b>：妊娠後期は禁忌であり、妊娠初期・中期、授乳中も原則避けるべきです。代替として、アセトアミノフェン単剤（成育L1）が第一選択となります。<br>・<b>運転者</b>：ブチルスコポラミン臭化物による眠気、めまい、目のかすみ等のリスクがあるため、運転や危険を伴う機械の操作を避ける必要がある患者には、これらの副作用がない鎮痛剤（例：アセトアミノフェン単剤やイブプロフェン単剤）を検討します。<br>・<b>基礎疾患（緑内障、前立腺肥大症、重篤な心疾患など）</b>：ブチルスコポラミン臭化物が禁忌となる疾患を持つ患者には、NSAIDs単剤（イブプロフェン単剤など）やアセトアミノフェン単剤を提案します。NSAIDsが禁忌となる消化性潰瘍や腎機能障害の患者にはアセトアミノフェン単剤が適切です。<br>・<b>胃腸が弱い患者</b>：イブプロフェンは胃腸障害のリスクがあるため、アセトアミノフェン単剤を推奨します。<br>・<b>痙攣を伴わない痛み</b>：痙攣が主症状でない場合は、イブプロフェン単剤やアセトアミノフェン単剤で対応可能です。,【現場_服薬指導エビデンス】<br>・<b>妊婦・授乳婦</b>：<br> ・<b>イブプロフェン</b>：<br>  ・<b>妊婦</b>：成育医療センターの評価では、妊娠初期・中期は『L3』、妊娠後期（妊娠28週以降）は『禁忌』です。胎児の動脈管収縮・閉鎖、胎児腎機能障害、羊水過少症、新生児遷延性肺高血圧症のリスクがあるため、妊娠後期は絶対禁忌です。妊娠初期・中期も可能な限り避けるべきであり、アセトアミノフェンが第一選択となります。<br>  ・<b>授乳婦</b>：成育医療センターの評価では『L2』です。母乳中への移行は少量であり、乳児への影響は少ないとされますが、可能であれば授乳中の使用は避けるか、短期間の使用にとどめることが推奨されます。アセトアミノフェンがより安全な選択肢です。<br> ・<b>ブチルスコポラミン臭化物</b>：<br>  ・<b>妊婦</b>：成育医療センターの評価では『L3』です。動物実験で催奇形性は認められていませんが、ヒトでの十分なデータがないため、原則として避けるべきです。抗コリン作用による胎児への影響も考慮されます。<br>  ・<b>授乳婦</b>：成育医療センターの評価では『L3』です。母乳中への移行は不明または少量とされますが、乳児への影響に関する十分なデータがありません。抗コリン作用により、乳汁分泌抑制の可能性も指摘されており、原則として授乳中は避けるべきです。<br>・<b>運転・操作</b>：<br> ・<b>イブプロフェン</b>：通常用量では運転や機械操作に影響を及ぼす可能性は低いですが、稀に眠気、めまい、視覚障害などが報告されているため、注意を促してください。<br> ・<b>ブチルスコポラミン臭化物</b>：抗コリン作用により、眠気、めまい、目のかすみ（調節障害）を引き起こす可能性があります。服用中は自動車の運転や危険を伴う機械の操作は避けるよう指導してください。<br>・<b>禁忌・受診勧奨</b>：<br> ・<b>イブプロフェン</b>：<br>  ・<b>禁忌</b>：消化性潰瘍、重篤な血液の異常、重篤な肝機能障害、重篤な腎機能障害、重篤な心機能不全、アスピリン喘息またはその既往歴、妊娠後期。<br>  ・<b>受診勧奨</b>：喘息、潰瘍性大腸炎、クローン病、全身性エリテマトーデス、混合性結合組織病、高齢者、高血圧、心疾患、肝機能障害、腎機能障害、浮腫、血液凝固異常のある患者は慎重投与です。服用中に胃痛、発疹、浮腫、呼吸困難などの症状が現れた場合は直ちに中止し、医療機関を受診するよう指導してください。<br> ・<b>ブチルスコポラミン臭化物</b>：<br>  ・<b>禁忌</b>：緑内障（眼圧上昇の可能性）、前立腺肥大症による排尿困難（尿閉悪化の可能性）、重篤な心疾患（頻脈誘発の可能性）、麻痺性イレウス（症状悪化の可能性）。<br>  ・<b>受診勧奨</b>：高齢者、甲状腺機能亢進症、不整脈、潰瘍性大腸炎、心機能不全、高温環境下での使用（発汗抑制による体温上昇のリスク）の患者は慎重投与です。服用中に口渇、便秘、排尿困難、目のかすみ、動悸、発疹などの症状が現れた場合は中止し、医療機関を受診するよう指導してください。<br>・<b>相互作用</b>：<br> ・<b>イブプロフェン</b>：<br>  ・<b>ワルファリン等の抗凝固薬</b>：出血リスク増大。<br>  ・<b>メトトレキサート</b>：血中濃度上昇、毒性増強。<br>  ・<b>リチウム</b>：血中濃度上昇、毒性増強。<br>  ・<b>SSRI（選択的セロトニン再取り込み阻害薬）</b>：消化管出血リスク増大。<br>  ・<b>降圧薬（ACE阻害薬、ARB、利尿薬など）</b>：降圧作用減弱、腎機能障害リスク増大。<br>  ・<b>ステロイド</b>：消化性潰瘍・出血リスク増大。<br>  ・<b>他NSAIDs</b>：消化管障害リスク増大。併用は避ける。<br>  ・<b>アルコール</b>：消化管障害リスク増大。アルコール摂取は避ける。<br> ・<b>ブチルスコポラミン臭化物</b>：<br>  ・<b>三環系抗うつ薬、フェノチアジン系薬剤、抗ヒスタミン薬</b>：抗コリン作用の増強。<br>  ・<b>モノアミン酸化酵素阻害薬（MAOI）</b>：抗コリン作用の増強。<br>  ・<b>ジギタリス製剤</b>：消化管運動抑制によりジギタリスの吸収が増加する可能性。<br>  ・<b>アルコール</b>：眠気やめまいなどの副作用が増強される可能性があるため、アルコール摂取は避ける。<br>・<b>濫用・MOH</b>：<br> ・<b>イブプロフェン</b>：<br>  ・<b>濫用</b>：NSAIDsは精神依存性はありませんが、過量服用による消化器障害や腎障害、肝障害のリスクがあります。<br>  ・<b>MOH（薬剤乱用頭痛）</b>：鎮痛薬の過度な使用は、薬剤乱用頭痛を引き起こす可能性があります。特に月10日以上の頻度で3ヶ月以上服用を続けるとリスクが高まります。<br> ・<b>ブチルスコポラミン臭化物</b>：<br>  ・<b>濫用</b>：精神依存性はありませんが、抗コリン作用による幻覚やせん妄を目的とした乱用報告が海外で稀にあります。しかし、一般的には乱用リスクは低いとされます。<br>  ・<b>MOH</b>：薬剤乱用頭痛の原因とはなりにくいですが、鎮痛薬との併用でMOHのリスクが高まる可能性があります。<br>・<b>ドーピング・毒性</b>：<br> ・<b>イブプロフェン</b>：<br>  ・<b>ドーピング</b>：WADA（世界アンチ・ドーピング機構）の禁止薬物リストには含まれていません。競技中の使用は可能です。<br>  ・<b>毒性</b>：中毒量: 一般的に、急性中毒症状は100mg/kg以上で発現し始めるとされます。重篤な症状は400mg/kg以上で報告されています。症状は消化器症状（悪心、嘔吐、腹痛）、中枢神経症状（眠気、めまい、頭痛、痙攣）、腎機能障害、肝機能障害など。致死量: 【要確認】中毒量・致死量等の詳細はPoisindex等の一次資料を参照。<br> ・<b>ブチルスコポラミン臭化物</b>：<br>  ・<b>ドーピング</b>：WADAの禁止薬物リストには含まれていません。競技中の使用は可能です。<br>  ・<b>毒性</b>：中毒量: 大量服用により抗コリン作用の亢進（口渇、散瞳、頻脈、排尿困難、幻覚、せん妄など）が生じます。具体的な中毒量・致死量は【要確認】中毒量・致死量等の詳細はPoisindex等の一次資料を参照。,"{""成分マトリックス"":[{""成分名"":""イブプロフェン"",""妊婦・授乳婦"":{""判定"":""✕"",""備考"":""(妊娠: C / D (妊娠後期) / 授乳: 安全（L1相当）) 授乳中は母乳移行が極めて少なく安全（L1）。妊娠初期〜中期は有益性投与（C）だが、妊娠後期（28週以降）は動脈管収縮リスクのため禁忌（D）。""},""運転・操作"":{""判定"":""△"",""備考"":""通常用量では運転や機械操作に影響を及ぼす可能性は低いですが、稀に眠気、めまい、視覚障害などが報告されているため、注意を促してください。""},""禁忌・受診勧奨"":{""判定"":""ー"",""備考"":""""},""相互作用"":{""判定"":""ー"",""備考"":""""},""濫用・MOH"":{""判定"":""ー"",""備考"":""""},""ドーピング・毒性"":{""判定"":""ー"",""備考"":""""}},{""成分名"":""妊婦"",""妊婦・授乳婦"":{""判定"":""△"",""備考"":""成育医療センターの評価では『L3』です。動物実験で催奇形性は認められていませんが、ヒトでの十分なデータがないため、原則として避けるべきです。抗コリン作用による胎児への影響も考慮されます。""}},{""成分名"":""授乳婦"",""妊婦・授乳婦"":{""判定"":""〇"",""備考"":""成育医療センターの評価では『L3』です。母乳中への移行は不明または少量とされますが、乳児への影響に関する十分なデータがありません。抗コリン作用により、乳汁分泌抑制の可能性も指摘されており、原則として授乳中は避けるべきです。""}},{""成分名"":""ブチルスコポラミン臭化物"",""妊婦・授乳婦"":{""判定"":""〇"",""備考"":""(妊娠: B2 / 授乳: 相談・注意（L3相当）) 授乳中は安全に注意して使用（L3）[cite: 21]。抗コリン作用により母乳分泌を抑制する可能性あり。妊婦への使用は比較的安全だが、出産直前（末期）は胎児の心拍数に影響を与える可能性があるため注意する[cite: 21]。""},""運転・操作"":{""判定"":""ー"",""備考"":""抗コリン作用により、眠気、めまい、目のかすみ（調節障害）を引き起こす可能性があります。服用中は自動車の運転や危険を伴う機械の操作は避けるよう指導してください。""},""禁忌・受診勧奨"":{""判定"":""ー"",""備考"":""""},""相互作用"":{""判定"":""ー"",""備考"":""""},""濫用・MOH"":{""判定"":""ー"",""備考"":""""},""ドーピング・毒性"":{""判定"":""ー"",""備考"":""""}},{""成分名"":""禁忌"",""禁忌・受診勧奨"":{""判定"":""ー"",""備考"":""緑内障（眼圧上昇の可能性）、前立腺肥大症による排尿困難（尿閉悪化の可能性）、重篤な心疾患（頻脈誘発の可能性）、麻痺性イレウス（症状悪化の可能性）。""}},{""成分名"":""受診勧奨"",""禁忌・受診勧奨"":{""判定"":""△"",""備考"":""高齢者、甲状腺機能亢進症、不整脈、潰瘍性大腸炎、心機能不全、高温環境下での使用（発汗抑制による体温上昇のリスク）の患者は慎重投与です。服用中に口渇、便秘、排尿困難、目のかすみ、動悸、発疹などの症状が現れた場合は中止し、医療機関を受診するよう指導してください。""}},{""成分名"":""ワルファリン等の抗凝固薬"",""相互作用"":{""判定"":""△"",""備考"":""出血リスク増大。""}},{""成分名"":""メトトレキサート"",""相互作用"":{""判定"":""ー"",""備考"":""血中濃度上昇、毒性増強。""}},{""成分名"":""リチウム"",""相互作用"":{""判定"":""ー"",""備考"":""血中濃度上昇、毒性増強。""}},{""成分名"":""SSRI（選択的セロトニン再取り込み阻害薬）"",""相互作用"":{""判定"":""△"",""備考"":""消化管出血リスク増大。""}},{""成分名"":""降圧薬（ACE阻害薬、ARB、利尿薬など）"",""相互作用"":{""判定"":""△"",""備考"":""降圧作用減弱、腎機能障害リスク増大。""}},{""成分名"":""ステロイド"",""相互作用"":{""判定"":""△"",""備考"":""消化性潰瘍・出血リスク増大。""}},{""成分名"":""他NSAIDs"",""相互作用"":{""判定"":""△"",""備考"":""消化管障害リスク増大。併用は避ける。""}},{""成分名"":""アルコール"",""相互作用"":{""判定"":""ー"",""備考"":""眠気やめまいなどの副作用が増強される可能性があるため、アルコール摂取は避ける。""}},{""成分名"":""三環系抗うつ薬、フェノチアジン系薬剤、抗ヒスタミン薬"",""相互作用"":{""判定"":""ー"",""備考"":""抗コリン作用の増強。""}},{""成分名"":""モノアミン酸化酵素阻害薬（MAOI）"",""相互作用"":{""判定"":""ー"",""備考"":""抗コリン作用の増強。""}},{""成分名"":""ジギタリス製剤"",""相互作用"":{""判定"":""ー"",""備考"":""消化管運動抑制によりジギタリスの吸収が増加する可能性。""}},{""成分名"":""濫用"",""濫用・MOH"":{""判定"":""〇"",""備考"":""精神依存性はありませんが、抗コリン作用による幻覚やせん妄を目的とした乱用報告が海外で稀にあります。しかし、一般的には乱用リスクは低いとされます。""}},{""成分名"":""MOH（薬剤乱用頭痛）"",""濫用・MOH"":{""判定"":""△"",""備考"":""鎮痛薬の過度な使用は、薬剤乱用頭痛を引き起こす可能性があります。特に月10日以上の頻度で3ヶ月以上服用を続けるとリスクが高まります。""}},{""成分名"":""MOH"",""濫用・MOH"":{""判定"":""△"",""備考"":""薬剤乱用頭痛の原因とはなりにくいですが、鎮痛薬との併用でMOHのリスクが高まる可能性があります。""}},{""成分名"":""ドーピング"",""ドーピング・毒性"":{""判定"":""ー"",""備考"":""WADAの禁止薬物リストには含まれていません。競技中の使用は可能です。""}},{""成分名"":""毒性"",""ドーピング・毒性"":{""判定"":""ー"",""備考"":""中毒量: 大量服用により抗コリン作用の亢進（口渇、散瞳、頻脈、排尿困難、幻覚、せん妄など）が生じます。具体的な中毒量・致死量は【要確認】中毒量・致死量等の詳細はPoisindex等の一次資料を参照。""}}]}"
2026/07/02 17:31:23,12,5歳未満,妊婦または妊娠していると思われる人は服用前に医師、薬剤師または登録販売者に相談すること,-,"{""basis"":""12錠中"",""ingredients"":[{""name"":""葛根湯エキス(1／2量)"",""id"":""D06698"",""amount"":2.2,""unit"":""g""},{""name"":""カッコン"",""id"":""D06693"",""amount"":4,""unit"":""g""},{""name"":""マオウ"",""id"":""D06791"",""amount"":2,""unit"":""g""},{""name"":""タイソウ"",""id"":""D06758"",""amount"":2,""unit"":""g""},{""name"":""ケイヒ"",""id"":""D06712"",""amount"":1.5,""unit"":""g""},{""name"":""シャクヤク"",""id"":""D06739"",""amount"":1.5,""unit"":""g""},{""name"":""カンゾウ"",""id"":""D04365"",""amount"":1,""unit"":""g""},{""name"":""ショウキョウ"",""id"":""D06744"",""amount"":0.5,""unit"":""g""}]}","{""adult_dose"":""4錠×3回"",""daily_dose"":12,""prohibited_age"":""5歳未満""}","{""driving_warning"":"""",""pregnancy_warning"":""妊婦または妊娠していると思われる人は服用前に医師、薬剤師または登録販売者に相談すること"",""drug_category"":""かぜ薬"",""category_limit"":7,""packages"":[{""package_type"":""60錠"",""estimated_days"":5,""capacity_judgment"":""小容量""},{""package_type"":""150錠"",""estimated_days"":12.5,""capacity_judgment"":""大容量""}]}",本剤は、かぜや肩こりなどに用いられる漢方薬です。食欲はあるが寒気があり、熱が出ても汗が出ない、頭痛があり肩や首筋がこったり、ふしぶしが痛いといったかぜに効果的です。かぜに関係なく肩こりや筋肉痛にも用いられます。,葛根湯エキス錠S「コタロー」,△,"葛根湯エキス錠S「コタロー」
        薬効分類が「漢方製剤」「生薬製剤」に該当する場合は、マオウ成分を含んでいても「対象外（漢方製剤）」
        葛根湯の承認書上の有効成分は「葛根湯エキス（マオウ、カッコン、タイソウ等の抽出エキス）」または「生薬粉末」であり、単一の化学成分である「エフェドリン」を有効成分とする製剤とは法規上みなされないため、「法規制の対象」とはされません。
        葛根湯(4)以外にも､小青竜湯(3)/防風通聖散(1.2､長期想定)/麻黄湯(5)/五虎湯･麻杏甘石湯(4)/麻黄附子細辛湯(4)も同様(ﾏｵｳg/日)","【葛根湯エキス(1／2量)】(妊娠: 未分類（有益） / 授乳: 安全（L2相当）)
妊婦・授乳婦の風邪の初期症状に第一選択として汎用される（妊娠中有益）[cite: 21]。マオウを含むが、漢方処方としての通常用量・短期服用であれば母子ともに問題ない。

【カッコン】(妊娠: 未分類 / 授乳: 安全（L2相当）)
葛根湯の主構成生薬。発汗・解熱作用をもつ。妊婦・授乳婦ともに通常の漢方薬用量であれば安全。

【マオウ】(妊娠: 未分類 / 授乳: 相談・注意（L3相当）)
交感神経刺激作用をもつエフェドリン類を含む。単体・過量では母乳分泌低下や胎児の頻脈リスクがあるが、葛根湯などの漢方処方としての短期使用であれば許容される。

【タイソウ】(妊娠: 未分類 / 授乳: 安全（L1相当）)
栄養補給・緩和作用をもつ生薬。食品（ナツメ）としても食され、妊婦・授乳婦ともに極めて安全。

【ケイヒ】(妊娠: 未分類 / 授乳: 安全（L2相当）)
葛根湯などに含まれる発汗・解熱作用をもつ生薬成分。シナモンとして食品にも用いられ、通常の漢方薬の用量であれば妊婦・授乳婦ともに安全。

【シャクヤク】(妊娠: 未分類 / 授乳: 安全（L2相当）)
鎮痙・鎮痛作用をもつ生薬成分。妊婦・授乳婦に対する明確な有害事象の報告はなく、通常のOTC漢方薬の用量であれば安全性に問題はない。

【カンゾウ】(妊娠: 未分類 / 授乳: 安全（L2相当）)
多くの漢方薬に含まれる生薬。グリチルリチン酸を含有するため、過量・長期連用による偽アルドステロン症（血圧上昇、むくみ等）には注意が必要だが、短期の通常用量であれば母子ともに安全。

【ショウキョウ】(妊娠: A相当 / 授乳: 安全（L1相当）)
生姜（しょうが）。健胃・発汗作用をもつ。つわりの軽減にも用いられるほどであり、妊婦・授乳婦ともに極めて安全性が高い生薬成分。",【現場_代替薬提案】<br>葛根湯は、体力中等度以上で、ゾクゾクする悪寒があり、汗が出ていない初期の風邪に適しています。<br>・<b>体力虚弱な方、胃腸が弱い方</b>：葛根湯は身体を温め発汗を促す作用が強いため、体力のない方や胃腸の弱い方には不向きです。このような場合は、より穏やかな作用の『桂枝湯』などを検討してください。<br>・<b>汗をかいている方</b>：既に汗をかいている場合は、葛根湯は適しません。『桂枝湯』など、汗を止める作用のない漢方薬が適切です。<br>・<b>妊婦・授乳婦、基礎疾患（高血圧、心臓病、腎臓病、甲状腺機能亢進症、糖尿病など）のある方</b>：マオウ（エフェドリン類）やカンゾウ（グリチルリチン酸）が含まれるため、使用前に必ず医師または薬剤師に相談してください。これらの成分を含まない、より安全性の高い代替薬（例: 妊婦にはアセトアミノフェン単剤、医師の判断で葛根湯以外の漢方薬など）を検討する必要があります。,【現場_服薬指導エビデンス】<br>・<b>妊婦・授乳婦</b>：<br> ・<b>葛根湯エキス</b>：一般的に、漢方薬は個々の生薬の作用が複合的であるため、妊婦・授乳婦への使用は慎重な判断が必要です。特にマオウやカンゾウを含むため、医師または薬剤師に相談の上、慎重に判断してください。<br> ・<b>カッコン</b>：一般的に、妊婦・授乳婦への安全性に関する特段の懸念は少ないとされていますが、大量摂取は避けるべきです。<br> ・<b>マオウ</b>：含有されるエフェドリン類には血管収縮作用があり、子宮収縮を誘発する可能性や、胎児への影響が懸念されます。授乳中の場合、エフェドリンは乳汁中に移行する可能性があり、乳児に興奮、不眠、易刺激性などの影響を与える可能性があります。成育医療センターの評価やTGA分類に関する明確な記載がないため、妊婦・授乳婦への使用は原則として避けるべきです。やむを得ず使用する場合は、必ず医師・薬剤師に相談し、リスクとベネフィットを慎重に評価してください。<br> ・<b>タイソウ</b>：一般的に、妊婦・授乳婦への安全性に関する特段の懸念は少ないとされています。<br> ・<b>ケイヒ</b>：妊娠初期の大量摂取は避けるべきとの報告もありますが、漢方薬の用量では通常問題ないとされています。授乳婦への影響も通常問題ないとされています。<br> ・<b>シャクヤク</b>：一般的に、妊婦・授乳婦への安全性に関する特段の懸念は少ないとされています。<br> ・<b>カンゾウ</b>：含有されるグリチルリチン酸は、大量摂取や長期連用により偽アルドステロン症を引き起こす可能性があり、妊婦では浮腫や高血圧のリスクを高める可能性があります。成育医療センターの評価やTGA分類に関する明確な記載がないため、妊婦・授乳婦への使用は慎重に行い、医師・薬剤師に相談してください。<br> ・<b>ショウキョウ</b>：一般的に、妊婦・授乳婦への安全性に関する特段の懸念は少ないとされています。つわり軽減目的で使用されることもありますが、本製品は風邪薬として使用されるため、他の成分との兼ね合いも考慮が必要です。<br>・<b>運転・操作</b>：<br> ・<b>葛根湯エキス</b>：本製品自体に眠気を催す成分は含まれていません。しかし、風邪の症状自体が集中力や判断力を低下させ、運転能力に影響を与える可能性があります。体調が優れない場合は、運転や危険を伴う機械の操作を控えるよう指導してください。<br> ・<b>マオウ</b>：含有されるエフェドリン類により、人によっては興奮作用や不眠を誘発する可能性があります。これにより、運転能力が低下する可能性も考えられます。<br>・<b>禁忌・受診勧奨</b>：<br> ・<b>葛根湯エキス</b>：以下の症状や疾患がある場合は、使用を避けるか、医師・薬剤師に相談するよう指導してください。<br>   ・高血圧、心臓病、腎臓病、甲状腺機能亢進症、糖尿病、排尿困難のある方<br>   ・高齢者、胃腸の弱い方、発汗傾向の著しい方<br>   ・むくみ、排尿困難の症状がある方<br> ・<b>マオウ</b>：心臓病、高血圧、甲状腺機能亢進症、糖尿病、排尿困難（前立腺肥大症など）のある患者には禁忌または慎重投与です。交感神経刺激作用により症状を悪化させる可能性があります。<br> ・<b>カンゾウ</b>：高血圧、心臓病、腎臓病、浮腫のある患者には慎重投与です。偽アルドステロン症のリスクがあります。<br>・<b>相互作用</b>：<br> ・<b>葛根湯エキス</b>：他の漢方薬や一般用医薬品、医療用医薬品との併用には注意が必要です。<br> ・<b>マオウ</b>：<br>   ・他の交感神経刺激薬（エフェドリン、プソイドエフェドリン含有製剤など）との併用により、作用が増強され、動悸、不整脈、血圧上昇などの副作用のリスクが高まります。<br>   ・MAO阻害薬（セレギリンなど）との併用により、高血圧クリーゼを引き起こす可能性があります。<br>   ・甲状腺製剤（チラーヂンSなど）との併用により、甲状腺機能亢進症状が増強される可能性があります。<br>   ・昇圧剤、ジギタリス製剤、抗不整脈薬などとの併用にも注意が必要です。<br> ・<b>カンゾウ</b>：<br>   ・利尿薬（特にサイアザイド系利尿薬、ループ利尿薬）との併用により、低カリウム血症のリスクが増大し、偽アルドステロン症を誘発・悪化させる可能性があります。<br>   ・グリチルリチン酸またはその塩類を含有する他の製剤（甘草湯、芍薬甘草湯など）や、グリチルリチン酸を含む食品（菓子、醤油など）との併用により、偽アルドステロン症のリスクが高まります。<br>   ・ステロイド薬との併用により、偽アルドステロン症のリスクが増大する可能性があります。<br>・<b>濫用・MOH</b>：<br> ・<b>葛根湯エキス</b>：葛根湯自体に直接的な濫用性や依存性はありません。しかし、マオウに含まれるエフェドリン類は、精神刺激作用があるため、乱用される可能性が指摘されています。適正な用法・用量を守って使用してください。<br> ・<b>薬剤乱用頭痛（MOH）</b>：葛根湯の成分が薬剤乱用頭痛を引き起こすという明確なエビデンスはありませんが、どのような医薬品でも長期にわたり過量に使用することは避けるべきです。<br>・<b>ドーピング・毒性</b>：<br> ・<b>マオウ</b>：含有されるエフェドリンは、世界アンチ・ドーピング機構（WADA）の禁止物質リスト（S6. 興奮薬）に指定されています。競技期間中および競技会外での使用が禁止されているため、アスリートへの販売・指導には特に注意が必要です。<br> ・<b>毒性</b>：各成分の中毒量や致死量に関する具体的な数値は、参照ナレッジに記載がなく、AIによる推測は禁止されています。したがって、具体的な数値は記載できません。詳細な毒性情報については、Poisindex、Lexicomp、LactMed等の一次資料を参照してください。,"{""成分マトリックス"":[{""成分名"":""葛根湯エキス"",""妊婦・授乳婦"":{""判定"":""△"",""備考"":""一般的に、漢方薬は個々の生薬の作用が複合的であるため、妊婦・授乳婦への使用は慎重な判断が必要です。特にマオウやカンゾウを含むため、医師または薬剤師に相談の上、慎重に判断してください。""},""運転・操作"":{""判定"":""ー"",""備考"":""本製品自体に眠気を催す成分は含まれていません。しかし、風邪の症状自体が集中力や判断力を低下させ、運転能力に影響を与える可能性があります。体調が優れない場合は、運転や危険を伴う機械の操作を控えるよう指導してください。""},""禁忌・受診勧奨"":{""判定"":""△"",""備考"":""以下の症状や疾患がある場合は、使用を避けるか、医師・薬剤師に相談するよう指導してください。   ・高血圧、心臓病、腎臓病、甲状腺機能亢進症、糖尿病、排尿困難のある方   ・高齢者、胃腸の弱い方、発汗傾向の著しい方   ・むくみ、排尿困難の症状がある方""},""相互作用"":{""判定"":""△"",""備考"":""他の漢方薬や一般用医薬品、医療用医薬品との併用には注意が必要です。""},""濫用・MOH"":{""判定"":""〇"",""備考"":""葛根湯自体に直接的な濫用性や依存性はありません。しかし、マオウに含まれるエフェドリン類は、精神刺激作用があるため、乱用される可能性が指摘されています。適正な用法・用量を守って使用してください。""}},{""成分名"":""カッコン"",""妊婦・授乳婦"":{""判定"":""〇"",""備考"":""(妊娠: 未分類 / 授乳: 安全（L2相当）) 葛根湯の主構成生薬。発汗・解熱作用をもつ。妊婦・授乳婦ともに通常の漢方薬用量であれば安全。""}},{""成分名"":""マオウ"",""妊婦・授乳婦"":{""判定"":""△"",""備考"":""(妊娠: 未分類 / 授乳: 相談・注意（L3相当）) 交感神経刺激作用をもつエフェドリン類を含む。単体・過量では母乳分泌低下や胎児の頻脈リスクがあるが、葛根湯などの漢方処方としての短期使用であれば許容される。""},""運転・操作"":{""判定"":""ー"",""備考"":""含有されるエフェドリン類により、人によっては興奮作用や不眠を誘発する可能性があります。これにより、運転能力が低下する可能性も考えられます。""},""禁忌・受診勧奨"":{""判定"":""✕"",""備考"":""心臓病、高血圧、甲状腺機能亢進症、糖尿病、排尿困難（前立腺肥大症など）のある患者には禁忌または慎重投与です。交感神経刺激作用により症状を悪化させる可能性があります。""},""相互作用"":{""判定"":""△"",""備考"":""・他の交感神経刺激薬（エフェドリン、プソイドエフェドリン含有製剤など）との併用により、作用が増強され、動悸、不整脈、血圧上昇などの副作用のリスクが高まります。   ・MAO阻害薬（セレギリンなど）との併用により、高血圧クリーゼを引き起こす可能性があります。   ・甲状腺製剤（チラーヂンSなど）との併用により、甲状腺機能亢進症状が増強される可能性があります。   ・昇圧剤、ジギタリス製剤、抗不整脈薬などとの併用にも注意が必要です。""},""ドーピング・毒性"":{""判定"":""△"",""備考"":""含有されるエフェドリンは、世界アンチ・ドーピング機構（WADA）の禁止物質リスト（S6. 興奮薬）に指定されています。競技期間中および競技会外での使用が禁止されているため、アスリートへの販売・指導には特に注意が必要です。""}},{""成分名"":""タイソウ"",""妊婦・授乳婦"":{""判定"":""〇"",""備考"":""(妊娠: 未分類 / 授乳: 安全（L1相当）) 栄養補給・緩和作用をもつ生薬。食品（ナツメ）としても食され、妊婦・授乳婦ともに極めて安全。""}},{""成分名"":""ケイヒ"",""妊婦・授乳婦"":{""判定"":""〇"",""備考"":""(妊娠: 未分類 / 授乳: 安全（L2相当）) 葛根湯などに含まれる発汗・解熱作用をもつ生薬成分。シナモンとして食品にも用いられ、通常の漢方薬の用量であれば妊婦・授乳婦ともに安全。""}},{""成分名"":""シャクヤク"",""妊婦・授乳婦"":{""判定"":""〇"",""備考"":""(妊娠: 未分類 / 授乳: 安全（L2相当）) 鎮痙・鎮痛作用をもつ生薬成分。妊婦・授乳婦に対する明確な有害事象の報告はなく、通常のOTC漢方薬の用量であれば安全性に問題はない。""}},{""成分名"":""カンゾウ"",""妊婦・授乳婦"":{""判定"":""〇"",""備考"":""(妊娠: 未分類 / 授乳: 安全（L2相当）) 多くの漢方薬に含まれる生薬。グリチルリチン酸を含有するため、過量・長期連用による偽アルドステロン症（血圧上昇、むくみ等）には注意が必要だが、短期の通常用量であれば母子ともに安全。""},""禁忌・受診勧奨"":{""判定"":""△"",""備考"":""高血圧、心臓病、腎臓病、浮腫のある患者には慎重投与です。偽アルドステロン症のリスクがあります。""},""相互作用"":{""判定"":""△"",""備考"":""・利尿薬（特にサイアザイド系利尿薬、ループ利尿薬）との併用により、低カリウム血症のリスクが増大し、偽アルドステロン症を誘発・悪化させる可能性があります。   ・グリチルリチン酸またはその塩類を含有する他の製剤（甘草湯、芍薬甘草湯など）や、グリチルリチン酸を含む食品（菓子、醤油など）との併用により、偽アルドステロン症のリスクが高まります。   ・ステロイド薬との併用により、偽アルドステロン症のリスクが増大する可能性があります。""}},{""成分名"":""ショウキョウ"",""妊婦・授乳婦"":{""判定"":""〇"",""備考"":""(妊娠: A相当 / 授乳: 安全（L1相当）) 生姜（しょうが）。健胃・発汗作用をもつ。つわりの軽減にも用いられるほどであり、妊婦・授乳婦ともに極めて安全性が高い生薬成分。""}},{""成分名"":""薬剤乱用頭痛（MOH）"",""濫用・MOH"":{""判定"":""〇"",""備考"":""葛根湯の成分が薬剤乱用頭痛を引き起こすという明確なエビデンスはありませんが、どのような医薬品でも長期にわたり過量に使用することは避けるべきです。""}},{""成分名"":""毒性"",""ドーピング・毒性"":{""判定"":""ー"",""備考"":""各成分の中毒量や致死量に関する具体的な数値は、参照ナレッジに記載がなく、AIによる推測は禁止されています。したがって、具体的な数値は記載できません。詳細な毒性情報については、Poisindex、Lexicomp、LactMed等の一次資料を参照してください。""}},{""成分名"":""葛根湯エキス(1／2量)"",""妊婦・授乳婦"":{""判定"":""〇"",""備考"":""(妊娠: 未分類（有益） / 授乳: 安全（L2相当）) 妊婦・授乳婦の風邪の初期症状に第一選択として汎用される（妊娠中有益）[cite: 21]。マオウを含むが、漢方処方としての通常用量・短期服用であれば母子ともに問題ない。""}}]}"
2026/07/02 17:57:40,3,15才未満の小児,授乳中の服用は避けること。妊婦は服用前に医師、薬剤師又は登録販売者に相談すること。,-,"{""basis"":""1錠中"",""ingredients"":[{""name"":""ビサコジル"",""id"":""D00245"",""amount"":5,""unit"":""mg""},{""name"":""センノシド"",""id"":""D02171"",""amount"":20,""unit"":""mg""}]}","{""adult_dose"":""3錠×1回"",""daily_dose"":3,""prohibited_age"":""15才未満の小児""}","{""driving_warning"":"""",""pregnancy_warning"":""授乳中の服用は避けること。妊婦は服用前に医師、薬剤師又は登録販売者に相談すること。"",""drug_category"":""瀉下薬（下剤）"",""category_limit"":5,""packages"":[{""package_type"":""48錠"",""estimated_days"":16,""capacity_judgment"":""大容量""},{""package_type"":""144錠"",""estimated_days"":48,""capacity_judgment"":""大容量""},{""package_type"":""240錠"",""estimated_days"":80,""capacity_judgment"":""大容量""}]}",カイベールCは、ビサコジルとセンノサイドの2つの有効成分を承認基準内最大量配合した便秘薬です。つらい便秘とそれに伴う肌あれ、吹出物、頭重、のぼせ、食欲不振、腹部膨満、腸内異常醗酵、痔といった不快症状に優れた効果を発揮します。1回1～3錠で服用量を調節でき、初回は1錠からお試しいただけます。,カイベールC,対象外,-,"【ビサコジル】(妊娠: A / 授乳: 安全（L2相当）)
大腸刺激性下剤。腸管からの吸収が少なく、母乳中への移行もほとんど認められないため授乳中も安全に使用可能（A/L2）。ただし妊娠中の連用は子宮収縮を誘発する恐れがあるため短期使用にとどめる。

【センノシド】(妊娠: A / 授乳: 相談・注意（L3相当）)
大腸刺激性下剤（生薬センナ由来）。母乳へ移行し乳児の下痢を引き起こす可能性があるため、授乳中の大量・長期連用は避ける（L3）。妊婦への使用は酸化マグネシウム等の塩類下剤を優先すべき。",【現場_代替薬提案】<br>カイベールCは刺激性下剤であるビサコジルとセンノシドを配合しており、比較的強い排便作用が期待できますが、連用による耐性形成や電解質異常のリスクがあります。<br>・<b>妊婦・授乳婦</b>：刺激性下剤は避けるべきです。妊娠中の便秘には酸化マグネシウムや食物繊維製剤（膨張性下剤）、ラクツロースなどの浸透圧性下剤が第一選択となります。授乳中の便秘にも酸化マグネシウムが推奨されます。<br>・<b>慢性便秘の患者</b>：長期的な便秘改善には、生活習慣の改善（十分な水分摂取、食物繊維の摂取、適度な運動）が基本です。薬物療法としては、酸化マグネシウム、ルビプロストン、リナクロチド、エロビキシバットなどの非刺激性下剤を優先的に検討してください。刺激性下剤は頓用での使用に留め、連用は避けるよう指導が必要です。<br>・<b>腹痛を伴う便秘</b>：刺激性下剤は腹痛を増悪させる可能性があるため、避けるべきです。腹痛が強い場合は、医療機関への受診を勧奨し、原因を特定することが重要です。,【現場_服薬指導エビデンス】<br>・<b>妊婦・授乳婦</b>：<br> ・<b>ビサコジル</b>：妊婦への投与に関する安全性は確立されていません。動物実験で催奇形性は報告されていませんが、ヒトでの使用経験は限られており、子宮収縮を誘発する可能性も否定できません。成育医療研究センターの分類やオーストラリアTGA分類に関する明確な記載がナレッジベースにないため、推測による補完は行いません。使用は避けるか、医師の指導のもと慎重に検討すべきです。授乳婦においても、乳汁中への移行は少量とされるものの、乳児への影響は不明です。使用は避けるか、医師の指導のもと慎重に判断してください。<br> ・<b>センノシド</b>：妊婦への投与に関する安全性は確立されていません。動物実験で催奇形性は報告されていませんが、ヒトでの使用経験は限られており、子宮収縮を誘発する可能性も否定できません。成育医療研究センターの分類やオーストラリアTGA分類に関する明確な記載がナレッジベースにないため、推測による補完は行いません。使用は避けるか、医師の指導のもと慎重に検討すべきです。授乳婦においては、活性代謝物が乳汁中に移行し、乳児に下痢を引き起こす可能性があるため、授乳中の使用は避けるか、使用中は授乳を中止してください。<br>・<b>運転・操作</b>：<br> ・<b>ビサコジル</b>：通常、眠気やめまいなどの精神神経系の副作用は報告されていません。したがって、運転や機械の操作に影響を与える可能性は低いと考えられます。ただし、強い腹痛や下痢が生じた場合は、体調不良により注意力が低下する可能性があるため、注意が必要です。<br> ・<b>センノシド</b>：通常、眠気やめまいなどの精神神経系の副作用は報告されていません。したがって、運転や機械の操作に影響を与える可能性は低いと考えられます。ただし、強い腹痛や下痢が生じた場合は、体調不良により注意力が低下する可能性があるため、注意が必要です。<br>・<b>禁忌・受診勧奨</b>：<br> ・<b>ビサコジル</b>：急性腹症（虫垂炎、腸炎、腹膜炎など）、腸閉塞、消化管出血、イレウス、脱水、電解質異常、重度の硬結便の患者には禁忌です。また、妊婦への投与も避けるべきです。連用により耐性が生じやすく、電解質異常や大腸メラノーシス（大腸粘膜の黒色化）のリスクがあるため、漫然とした使用は避け、症状が改善しない場合や腹痛が激しい場合、血便が見られる場合は医療機関への受診を勧奨してください。<br> ・<b>センノシド</b>：急性腹症（虫垂炎、腸炎、腹膜炎など）、腸閉塞、消化管出血、イレウス、脱水、電解質異常、重度の硬結便の患者には禁忌です。また、妊婦への投与も避けるべきです。連用により耐性が生じやすく、電解質異常や大腸メラノーシス（大腸粘膜の黒色化）のリスクがあるため、漫然とした使用は避け、症状が改善しない場合や腹痛が激しい場合、血便が見られる場合は医療機関への受診を勧奨してください。<br>・<b>相互作用</b>：<br> ・<b>ビサコジル</b>：制酸剤（胃薬）や牛乳との併用により、錠剤のコーティングが胃や十二指腸で溶けてしまい、腹痛や嘔吐を引き起こす可能性があります。服用は制酸剤や牛乳の摂取から1時間以上空けるよう指導してください。カリウム喪失性利尿薬（チアジド系、ループ系）や副腎皮質ステロイドとの併用で低カリウム血症が悪化する可能性があります。ジギタリス製剤との併用では、低カリウム血症によりジギタリス中毒を誘発するリスクが高まります。<br> ・<b>センノシド</b>：カリウム喪失性利尿薬（チアジド系、ループ系）や副腎皮質ステロイドとの併用で低カリウム血症が悪化する可能性があります。ジギタリス製剤との併用では、低カリウム血症によりジギタリス中毒を誘発するリスクが高まります。<br>・<b>濫用・MOH</b>：<br> ・<b>ビサコジル</b>：刺激性下剤は連用により耐性が生じやすく、より強い排便刺激を求めることで乱用につながる可能性があります。薬剤乱用頭痛（MOH）とは直接的な関連は低いですが、慢性的な下剤乱用は電解質異常（特に低カリウム血症）や代謝性アルカローシスを引き起こし、全身状態を悪化させるリスクがあります。<br> ・<b>センノシド</b>：刺激性下剤は連用により耐性が生じやすく、より強い排便刺激を求めることで乱用につながる可能性があります。薬剤乱用頭痛（MOH）とは直接的な関連は低いですが、慢性的な下剤乱用は電解質異常（特に低カリウム血症）や代謝性アルカローシスを引き起こし、全身状態を悪化させるリスクがあります。<br>・<b>ドーピング・毒性</b>：<br> ・<b>ビサコジル</b>：世界アンチ・ドーピング機構（WADA）の禁止薬物リストには該当しません。大量服用により重度の下痢、脱水、電解質異常（特に低カリウム血症）を引き起こす可能性があります。中毒量・致死量等の詳細はPoisindex等の一次資料を参照してください。<br> ・<b>センノシド</b>：世界アンチ・ドーピング機構（WADA）の禁止薬物リストには該当しません。大量服用により重度の下痢、脱水、電解質異常（特に低カリウム血症）を引き起こす可能性があります。中毒量・致死量等の詳細はPoisindex等の一次資料を参照してください。,"{""成分マトリックス"":[{""成分名"":""ビサコジル"",""妊婦・授乳婦"":{""判定"":""〇"",""備考"":""(妊娠: A / 授乳: 安全（L2相当）) 大腸刺激性下剤。腸管からの吸収が少なく、母乳中への移行もほとんど認められないため授乳中も安全に使用可能（A/L2）。ただし妊娠中の連用は子宮収縮を誘発する恐れがあるため短期使用にとどめる。""},""運転・操作"":{""判定"":""△"",""備考"":""通常、眠気やめまいなどの精神神経系の副作用は報告されていません。したがって、運転や機械の操作に影響を与える可能性は低いと考えられます。ただし、強い腹痛や下痢が生じた場合は、体調不良により注意力が低下する可能性があるため、注意が必要です。""},""禁忌・受診勧奨"":{""判定"":""✕"",""備考"":""急性腹症（虫垂炎、腸炎、腹膜炎など）、腸閉塞、消化管出血、イレウス、脱水、電解質異常、重度の硬結便の患者には禁忌です。また、妊婦への投与も避けるべきです。連用により耐性が生じやすく、電解質異常や大腸メラノーシス（大腸粘膜の黒色化）のリスクがあるため、漫然とした使用は避け、症状が改善しない場合や腹痛が激しい場合、血便が見られる場合は医療機関への受診を勧奨してください。""},""相互作用"":{""判定"":""△"",""備考"":""制酸剤（胃薬）や牛乳との併用により、錠剤のコーティングが胃や十二指腸で溶けてしまい、腹痛や嘔吐を引き起こす可能性があります。服用は制酸剤や牛乳の摂取から1時間以上空けるよう指導してください。カリウム喪失性利尿薬（チアジド系、ループ系）や副腎皮質ステロイドとの併用で低カリウム血症が悪化する可能性があります。ジギタリス製剤との併用では、低カリウム血症によりジギタリス中毒を誘発するリスクが高まります。""},""濫用・MOH"":{""判定"":""△"",""備考"":""刺激性下剤は連用により耐性が生じやすく、より強い排便刺激を求めることで乱用につながる可能性があります。薬剤乱用頭痛（MOH）とは直接的な関連は低いですが、慢性的な下剤乱用は電解質異常（特に低カリウム血症）や代謝性アルカローシスを引き起こし、全身状態を悪化させるリスクがあります。""},""ドーピング・毒性"":{""判定"":""ー"",""備考"":""世界アンチ・ドーピング機構（WADA）の禁止薬物リストには該当しません。大量服用により重度の下痢、脱水、電解質異常（特に低カリウム血症）を引き起こす可能性があります。中毒量・致死量等の詳細はPoisindex等の一次資料を参照してください。""}},{""成分名"":""センノシド"",""妊婦・授乳婦"":{""判定"":""△"",""備考"":""(妊娠: A / 授乳: 相談・注意（L3相当）) 大腸刺激性下剤（生薬センナ由来）。母乳へ移行し乳児の下痢を引き起こす可能性があるため、授乳中の大量・長期連用は避ける（L3）。妊婦への使用は酸化マグネシウム等の塩類下剤を優先すべき。""},""運転・操作"":{""判定"":""△"",""備考"":""通常、眠気やめまいなどの精神神経系の副作用は報告されていません。したがって、運転や機械の操作に影響を与える可能性は低いと考えられます。ただし、強い腹痛や下痢が生じた場合は、体調不良により注意力が低下する可能性があるため、注意が必要です。""},""禁忌・受診勧奨"":{""判定"":""✕"",""備考"":""急性腹症（虫垂炎、腸炎、腹膜炎など）、腸閉塞、消化管出血、イレウス、脱水、電解質異常、重度の硬結便の患者には禁忌です。また、妊婦への投与も避けるべきです。連用により耐性が生じやすく、電解質異常や大腸メラノーシス（大腸粘膜の黒色化）のリスクがあるため、漫然とした使用は避け、症状が改善しない場合や腹痛が激しい場合、血便が見られる場合は医療機関への受診を勧奨してください。""},""相互作用"":{""判定"":""△"",""備考"":""カリウム喪失性利尿薬（チアジド系、ループ系）や副腎皮質ステロイドとの併用で低カリウム血症が悪化する可能性があります。ジギタリス製剤との併用では、低カリウム血症によりジギタリス中毒を誘発するリスクが高まります。""},""濫用・MOH"":{""判定"":""△"",""備考"":""刺激性下剤は連用により耐性が生じやすく、より強い排便刺激を求めることで乱用につながる可能性があります。薬剤乱用頭痛（MOH）とは直接的な関連は低いですが、慢性的な下剤乱用は電解質異常（特に低カリウム血症）や代謝性アルカローシスを引き起こし、全身状態を悪化させるリスクがあります。""},""ドーピング・毒性"":{""判定"":""ー"",""備考"":""世界アンチ・ドーピング機構（WADA）の禁止薬物リストには該当しません。大量服用により重度の下痢、脱水、電解質異常（特に低カリウム血症）を引き起こす可能性があります。中毒量・致死量等の詳細はPoisindex等の一次資料を参照してください。""}}]}"
2026/07/02 18:00:14,3,15歳未満,妊婦又は妊娠していると思われる人は服用前に医師、歯科医師、薬剤師又は登録販売者に相談すること。,-,"{""basis"":""1錠中"",""ingredients"":[{""name"":""アセトアミノフェン"",""id"":""D00217"",""amount"":300,""unit"":""mg""}]}","{""adult_dose"":""1錠×3回"",""daily_dose"":3,""prohibited_age"":""15歳未満""}","{""driving_warning"":"""",""pregnancy_warning"":""妊婦又は妊娠していると思われる人は服用前に医師、歯科医師、薬剤師又は登録販売者に相談すること。"",""drug_category"":""解熱鎮痛薬"",""category_limit"":7,""packages"":[{""package_type"":""12錠"",""estimated_days"":4,""capacity_judgment"":""小容量""},{""package_type"":""24錠"",""estimated_days"":8,""capacity_judgment"":""大容量""},{""package_type"":""36錠"",""estimated_days"":12,""capacity_judgment"":""大容量""}]}",解熱鎮痛成分「アセトアミノフェン」が中枢神経に速やかに作用し、すぐれた鎮痛・解熱効果を発揮します。胃への負担が少なく、眠くなる成分（鎮静催眠成分）を含みません。頭痛、月経痛、歯痛、発熱など幅広い症状に1回1錠でよく効く、速効性とやさしさを兼ね備えた解熱鎮痛薬です。,カロナールA,対象外,-,"【アセトアミノフェン】(妊娠: A / 授乳: 安全（L1相当）)
妊娠全期間・授乳中を通じて第一選択となる解熱鎮痛成分。通常のOTC用量であれば母子ともに安全性が極めて高い。",【現場_代替薬提案】<br>カロナールAはアセトアミノフェン単一製剤であり、胃障害が少なく妊婦や授乳婦、インフルエンザ罹患時の解熱鎮痛に第一選択として推奨されます。より即効性を求める患者には、胃粘膜保護成分やメタケイ酸アルミン酸マグネシウム等が配合された製品、あるいはアセトアミノフェンの素早い吸収を目的とした市販の他の速溶錠製剤が代替案となります。また、アセトアミノフェン以外の選択肢として、胃障害のリスクが許容でき、より強い抗炎症作用を望む非妊娠・非授乳の成人に対しては、イブプロフェンやロキソプロフェンナトリウム水和物を含有する製剤への変更が考慮されます。,【現場_服薬指導エビデンス】<br>・<b>妊婦・授乳婦</b>：<br>・<b>アセトアミノフェン</b>：妊娠中の解熱鎮痛薬として第一選択薬とされています。国立成育医療研究センターの基準において授乳中も安全に使用できる薬剤『L1に相当』と評価されています。ただし、妊娠後期の過量服用や長期連続服用は胎児の動脈管収縮などのリスクがあるため、必要最小限の期間・用量にとどめ、医師への受診勧奨を念頭に置いて指導してください。<br>・<b>運転・操作</b>：<br>・<b>アセトアミノフェン</b>：服用後の眠気を誘発する抗ヒスタミン成分や鎮静成分、あるいは注意力を低下させる成分を含まないため、服用後の運転や機械操作に対する法的な制限や特段の禁止事項はありません。ただし、発熱や疼痛そのものによる注意力低下に注意するよう指導してください。<br>・<b>禁忌・受診勧奨</b>：<br>・<b>アセトアミノフェン</b>：重篤な肝障害のある患者には禁忌です。また、本剤による過敏症の既往歴がある患者にも使用できません。高熱が続く場合や、痛みの原因が不明で長期にわたる場合は、自己判断での服用を中止させ、医療機関への受診を強く勧めてください。<br>・<b>相互作用</b>：<br>・<b>アセトアミノフェン</b>：アルコールとの併用は、肝臓での代謝経路において有害な中間代謝物の産生を促進し、肝毒性を増強するリスクがあるため厳禁です。また、他の総合感冒薬や解熱鎮痛薬との重複による過量投与に注意してください。炭酸リチウムや一部の抗凝固薬との併用時にも作用の変化に注意が必要です。<br>・<b>濫用・MOH</b>：<br>・<b>アセトアミノフェン</b>：本成分はアッパー・ダウナー分類のいずれにも該当せず、依存性はありません。しかし、頭痛に対して月に10日以上などの頻度で継続使用すると、薬剤の使用過多による頭痛『薬物乱用頭痛、MOH』を引き起こすリスクがあるため、使用頻度の管理を指導してください。<br>・<b>ドーピング・毒性</b>：<br>・<b>アセトアミノフェン</b>：世界アンチ・ドーピング機構『WADA』の禁止物質リストには該当せず、競技での使用制限はありません。急性毒性における半数中毒量『TD50』や致死量などの薬学・毒性学的な具体的な数値については、【要確認】中毒量・致死量等の詳細はPoisindex等の一次資料を参照してください。,"{""成分マトリックス"":[{""成分名"":""アセトアミノフェン"",""妊婦・授乳婦"":{""判定"":""〇"",""備考"":""(妊娠: A / 授乳: 安全（L1相当）) 妊娠全期間・授乳中を通じて第一選択となる解熱鎮痛成分。通常のOTC用量であれば母子ともに安全性が極めて高い。""},""運転・操作"":{""判定"":""〇"",""備考"":""服用後の眠気を誘発する抗ヒスタミン成分や鎮静成分、あるいは注意力を低下させる成分を含まないため、服用後の運転や機械操作に対する法的な制限や特段の禁止事項はありません。ただし、発熱や疼痛そのものによる注意力低下に注意するよう指導してください。""},""禁忌・受診勧奨"":{""判定"":""✕"",""備考"":""重篤な肝障害のある患者には禁忌です。また、本剤による過敏症の既往歴がある患者にも使用できません。高熱が続く場合や、痛みの原因が不明で長期にわたる場合は、自己判断での服用を中止させ、医療機関への受診を強く勧めてください。""},""相互作用"":{""判定"":""△"",""備考"":""アルコールとの併用は、肝臓での代謝経路において有害な中間代謝物の産生を促進し、肝毒性を増強するリスクがあるため厳禁です。また、他の総合感冒薬や解熱鎮痛薬との重複による過量投与に注意してください。炭酸リチウムや一部の抗凝固薬との併用時にも作用の変化に注意が必要です。""},""濫用・MOH"":{""判定"":""〇"",""備考"":""本成分はアッパー・ダウナー分類のいずれにも該当せず、依存性はありません。しかし、頭痛に対して月に10日以上などの頻度で継続使用すると、薬剤の使用過多による頭痛『薬物乱用頭痛、MOH』を引き起こすリスクがあるため、使用頻度の管理を指導してください。""},""ドーピング・毒性"":{""判定"":""〇"",""備考"":""世界アンチ・ドーピング機構『WADA』の禁止物質リストには該当せず、競技での使用制限はありません。急性毒性における半数中毒量『TD50』や致死量などの薬学・毒性学的な具体的な数値については、【要確認】中毒量・致死量等の詳細はPoisindex等の一次資料を参照してください。""}}]}"
2026/07/02 18:05:38,2,15歳未満の小児、80歳以上の高齢者,妊婦又は妊娠していると思われる人は服用しないこと。授乳中の人は本剤を服用しないか、本剤を服用する場合は授乳を避けること。,-,"{""basis"":""1錠中"",""ingredients"":[{""name"":""ファモチジン"",""id"":""D00318"",""amount"":10,""unit"":""mg""}]}","{""adult_dose"":""1回1錠、1日2回まで"",""daily_dose"":2,""prohibited_age"":""15歳未満の小児、80歳以上の高齢者""}","{""driving_warning"":"""",""pregnancy_warning"":""妊婦又は妊娠していると思われる人は服用しないこと。授乳中の人は本剤を服用しないか、本剤を服用する場合は授乳を避けること。"",""drug_category"":""ヒスタミンH2受容体拮抗剤含有薬"",""category_limit"":5,""packages"":[{""package_type"":""6錠"",""estimated_days"":3,""capacity_judgment"":""小容量""},{""package_type"":""12錠"",""estimated_days"":6,""capacity_judgment"":""大容量""}]}",本剤は、胃痛、もたれ、胸やけ、むかつきに優れた効果を発揮するH2ブロッカー胃腸薬です。従来の胃酸中和型の胃腸薬とは異なるタイプで、胃の不快な症状の原因となる胃酸の出過ぎをコントロールし、胃粘膜の修復を促します。1回1錠の服用で約8時間にわたって胃酸の分泌をコントロールすることができ、携帯に便利なPTP包装となっています。,ガスター10,対象外,授乳と薬の専門的な観点（催奇性や乳児への影響）からみると、ファモチジンは授乳中でも比較的安全に使用できる「L1」と考えられています。一方で、市販薬としてのガスター10の添付文書上では「授乳中の人は本剤を服用しないか、服用する場合は授乳を避けて下さい」という注意書きがなされています,"【ファモチジン】(妊娠: B1 / 授乳: 安全（L1相当）)
妊婦・授乳婦ともに極めて安全性が高い。OTCの胃薬（H2ブロッカー）のなかで最も安心して推奨できる。",【現場_代替薬提案】<br>・<b>妊婦・授乳婦の方へ</b>：ガスター10は妊婦・授乳婦の自己判断での服用は避けるべき製品です。妊娠中の胃痛や胸焼けに対しては、安全性の情報が比較的豊富な製剤や、医師による処方を優先すべきですが、OTCで対応する場合は、アルミニウムやマグネシウム主体の制酸剤（長期連用は避ける）や、胃粘膜保護薬への変更、あるいは医療機関（産婦人科）の受診を推奨します。<br>・<b>腎機能低下者・高齢者の方へ</b>：ファモチジンは主に尿中から排泄されるため、腎機能が低下している高齢者（特に80歳以上は購入不可）や腎疾患のある方では血中濃度が上昇し、譫妄などの精神神経症状を引き起こすリスクが高まります。このような対象者には、比較的安全性の高いテプレノンなどの胃粘膜保護薬（セルベール等）への代替を提案します。,【現場_服薬指導エビデンス】<br>・<b>妊婦・授乳婦</b>：<br>・<b>ファモチジン</b>：妊婦に対する安全性は確立されておらず、OTC医薬品としての使用は避けるべきです。母乳中への移行が確認されているため、授乳中の婦人が服用する場合は授乳を避ける必要があります。成育L分類やTGA分類等の具体的な数値評価については、臨床データベース上に明記されていないため【要確認】とし、安易な自己判断での服用を避けるよう指導します。<br>・<b>運転・操作</b>：<br>：<br>・<b>ファモチジン</b>：服用後に稀に眠気、めまい、全身倦怠感等の精神神経症状があらわれることがあります。このため、服用後の自動車の運転や危険を伴う機械の操作には十分注意するよう指導します。特に高齢者や軽度の腎機能低下者では半減期が延長するため、副作用発現リスクが高まります。<br>・<b>禁忌・受診勧奨</b>：<br>・<b>ファモチジン</b>：H2ブロッカーによるアレルギー（発疹・発赤、かゆみ、のどの痛み等）の既往がある患者、小児（15歳未満）、および高齢者（80歳以上）や透析を受けている患者は使用禁忌です。胃がん等の悪性腫瘍に伴う症状を一時的に隠蔽するリスクがあるため、3日間服用しても症状の改善が見られない場合、または2週間を超えて漫然と連用する場合は、直ちに服用を中止し、消化器内科等の専門医を受診するよう強く指導してください。また、吐血、黒色便、急激な体重減少などを伴う場合はレッドフラッグ（受診勧奨）となります。<br>・<b>相互作用</b>：<br>・<b>ファモチジン</b>：胃酸分泌を強力に抑制し胃内pHを上昇させるため、酸性環境で吸収が促進される薬剤（アゾール系抗真菌薬であるイトラコナゾールやケトコナゾールなど）の吸収を著しく低下させ、その効果を減弱させます。また、セフジトレンピボキシルなどの抗生物質の吸収も低下させる可能性があります。アルコールとの直接的な相互作用はありませんが、アルコール自体が胃粘膜を荒らすため、併用は避けるのが望ましいです。<br>・<b>濫用・MOH</b>：<br>・<b>ファモチジン</b>：アッパー/ダウナー分類のいずれにも該当せず、薬物依存性や薬剤乱用頭痛（MOH）のリスクは極めて低いです。ただし、胃痛や胸焼けを繰り返す患者が、医師の診察を受けずに本剤を長期にわたり漫然と購入・常用することは、重大な原疾患（胃潰瘍、胃がん、逆流性食道炎等）の発見遅れにつながるため、連続服用は2週間を上限とするルールを遵守させてください。<br>・<b>ドーピング・毒性</b>：<br>・<b>ファモチジン</b>：世界反ドーピング機関（WADA）の禁止物質リストには該当しておらず、アスリートによる使用も可能です。過量投与時の中毒量（TD50）や致死量に関する薬学・毒性学的な具体的な数値については、確実な出典が確認できないため、安易な数値の記載は避け、「【要確認】中毒量・致死量等の詳細はPoisindex等の一次資料を参照」として対処してください。,"{""成分マトリックス"":[{""成分名"":""ファモチジン"",""妊婦・授乳婦"":{""判定"":""〇"",""備考"":""(妊娠: B1 / 授乳: 安全（L1相当）) 妊婦・授乳婦ともに極めて安全性が高い。OTCの胃薬（H2ブロッカー）のなかで最も安心して推奨できる。""},""運転・操作"":{""判定"":""△"",""備考"":""服用後に稀に眠気、めまい、全身倦怠感等の精神神経症状があらわれることがあります。このため、服用後の自動車の運転や危険を伴う機械の操作には十分注意するよう指導します。特に高齢者や軽度の腎機能低下者では半減期が延長するため、副作用発現リスクが高まります。""},""禁忌・受診勧奨"":{""判定"":""✕"",""備考"":""H2ブロッカーによるアレルギー（発疹・発赤、かゆみ、のどの痛み等）の既往がある患者、小児（15歳未満）、および高齢者（80歳以上）や透析を受けている患者は使用禁忌です。胃がん等の悪性腫瘍に伴う症状を一時的に隠蔽するリスクがあるため、3日間服用しても症状の改善が見られない場合、または2週間を超えて漫然と連用する場合は、直ちに服用を中止し、消化器内科等の専門医を受診するよう強く指導してください。また、吐血、黒色便、急激な体重減少などを伴う場合はレッドフラッグ（受診勧奨）となります。""},""相互作用"":{""判定"":""〇"",""備考"":""胃酸分泌を強力に抑制し胃内pHを上昇させるため、酸性環境で吸収が促進される薬剤（アゾール系抗真菌薬であるイトラコナゾールやケトコナゾールなど）の吸収を著しく低下させ、その効果を減弱させます。また、セフジトレンピボキシルなどの抗生物質の吸収も低下させる可能性があります。アルコールとの直接的な相互作用はありませんが、アルコール自体が胃粘膜を荒らすため、併用は避けるのが望ましいです。""},""濫用・MOH"":{""判定"":""△"",""備考"":""アッパー/ダウナー分類のいずれにも該当せず、薬物依存性や薬剤乱用頭痛（MOH）のリスクは極めて低いです。ただし、胃痛や胸焼けを繰り返す患者が、医師の診察を受けずに本剤を長期にわたり漫然と購入・常用することは、重大な原疾患（胃潰瘍、胃がん、逆流性食道炎等）の発見遅れにつながるため、連続服用は2週間を上限とするルールを遵守させてください。""},""ドーピング・毒性"":{""判定"":""ー"",""備考"":""世界反ドーピング機関（WADA）の禁止物質リストには該当しておらず、アスリートによる使用も可能です。過量投与時の中毒量（TD50）や致死量に関する薬学・毒性学的な具体的な数値については、確実な出典が確認できないため、安易な数値の記載は避け、「【要確認】中毒量・致死量等の詳細はPoisindex等の一次資料を参照」として対処してください。""}}]}"
2026/07/02 18:11:42,2,15歳未満の小児、80歳以上の高齢者,妊婦又は妊娠していると思われる人は服用しないこと。授乳中の人は服用しないか、服用する場合は授乳を避けること。,-,"{""basis"":""1錠中"",""ingredients"":[{""name"":""ファモチジン"",""id"":""D00318"",""amount"":10,""unit"":""mg""}]}","{""adult_dose"":""1回1錠、1日2回まで"",""daily_dose"":2,""prohibited_age"":""15歳未満の小児、80歳以上の高齢者""}","{""driving_warning"":"""",""pregnancy_warning"":""妊婦又は妊娠していると思われる人は服用しないこと。授乳中の人は服用しないか、服用する場合は授乳を避けること。"",""drug_category"":""ヒスタミンH2受容体拮抗剤含有薬"",""category_limit"":5,""packages"":[{""package_type"":""6錠"",""estimated_days"":3,""capacity_judgment"":""小容量""},{""package_type"":""12錠"",""estimated_days"":6,""capacity_judgment"":""大容量""}]}",本剤は胃酸中和型の胃腸薬とは異なるタイプの胃腸薬で、胃痛、もたれ、胸やけ、むかつきに優れた効果を発揮します。胃の不快な症状の原因となる胃酸の出過ぎをコントロールし、胃粘膜の修復を促します。携帯に便利なPTP包装を採用しており、口の中の水分を含むと速やかに溶け、水なしでも服用できる速溶錠タイプです。,ガスター10 S錠,対象外,ガスター10の市販薬で水なしで飲めるタイプは「S錠」。「S」は「スピードSpeedや、スムーズSmoothを意味。,"【ファモチジン】(妊娠: B1 / 授乳: 安全（L1相当）)
妊婦・授乳婦ともに極めて安全性が高い。OTCの胃薬（H2ブロッカー）のなかで最も安心して推奨できる。",【現場_代替薬提案】<br>妊娠中・授乳中で胃痛を訴える患者には、比較的安全性が高いとされる制酸剤『乾燥水酸化アルミニウムゲル・水酸化マグネシウム等』や、胃粘膜保護成分『テプレノン等、ただし一般用医薬品の単剤は限定的』が代替の第一選択肢となり得ます。腎機能低下が疑われる高齢者『80歳未満』において胃痛がある場合は、ファモチジン10mgを減量『2日に1回など』、もしくは作用機序の異なる健胃生薬や制酸薬への代替を推奨します。また、15歳未満の小児や80歳以上の高齢者は本剤の自己判断による購入は不可であり、医療機関への受診を勧めます。,【現場_服薬指導エビデンス】<br>・<b>妊婦・授乳婦</b>：<br>  ・<b>ファモチジン</b>：オーストラリアTGA分類では『B1』に分類されています。胎盤通過性があり、妊婦又は妊娠している可能性のある女性には、治療上の有益性が危険性を上回ると判断される場合にのみ使用を検討しますが、OTC薬としては原則使用を避けて医師に相談するよう指導します。授乳婦については、母乳中への移行が確認されているため、添付文書上は『授乳を避けること』とされています。一方で、国立成育医療研究センターによる基準や海外の授乳ガイドライン等においては、乳児への影響は極めて少なく、授乳中に使用できる薬剤として評価されています。現場では添付文書の記載を基本としつつ、必要に応じて医師と相談の上、授乳直後の服用などの工夫を案内します。<br>・<b>運転・操作</b>：<br>  ・<b>ファモチジン</b>：服用後に眠気、めまい、全身倦怠感等の症状があらわれることがあります。添付文書上に直接的な運転禁止の規定はありませんが、服用後の体調変化に十分注意し、これらの症状を感じた場合は運転や高所での危険な作業を避けるよう指導します。<br>・<b>禁忌・受診勧奨</b>：<br>  ・<b>ファモチジン</b>：15歳未満の小児、および80歳以上の高齢者は服用不可です。腎機能障害、特に高齢者や透析患者では排泄が遅延し血中濃度が上昇するため、QT延長や意識障害などの副作用リスクが高まります。また、心疾患『心筋梗塞や弁膜症、伝導障害等』のある患者では、心血管系の副作用が現れる恐れがあるため使用を避けます。2週間を超えて服用しても症状が改善しない場合は、胃がん等の悪性腫瘍による症状を隠蔽している可能性があるため、速やかに医師の診察を受けるよう促します。<br>・<b>相互作用</b>：<br>  ・<b>ファモチジン</b>：本剤の強力な胃酸分泌抑制作用により胃内pHが上昇するため、酸性条件下で吸収が促進される薬剤『例：イトラコナゾールなどのアゾール系抗真菌薬、ゲフィチニブ等の抗がん薬』の吸収を低下させ、有効性を減弱させるリスクがあります。また、他のH2遮断薬や強力な胃酸分泌抑制薬との併用は、効果の重複と副作用増強の観点から避ける必要があります。アルコールとの併用は、胃粘膜への刺激を強める可能性があるため控えるよう指導します。<br>・<b>濫用・MOH</b>：<br>  ・<b>ファモチジン</b>：中枢神経系への依存性や濫用性は認められていません。アッパー・ダウナー分類にも該当しません。ただし、胃痛や胃もたれに対して自己判断で連用し続けると、胃潰瘍や悪性腫瘍の発見が遅れる二次的リスク『慢性的な症状隠蔽』があるため、3日間服用しても症状が改善しない場合は服用を中止し受診を勧めてください。<br>・<b>ドーピング・毒性</b>：<br>  ・<b>ファモチジン</b>：WADA『世界アンチ・ドーピング機構』の禁止物質リストには該当しておらず、アスリートも使用可能です。毒性に関しては、【要確認】中毒量・致死量等の詳細はPoisindex等の一次資料を参照してください。,"{""成分マトリックス"":[{""成分名"":""ファモチジン"",""妊婦・授乳婦"":{""判定"":""〇"",""備考"":""(妊娠: B1 / 授乳: 安全（L1相当）) 妊婦・授乳婦ともに極めて安全性が高い。OTCの胃薬（H2ブロッカー）のなかで最も安心して推奨できる。""},""運転・操作"":{""判定"":""〇"",""備考"":""服用後に眠気、めまい、全身倦怠感等の症状があらわれることがあります。添付文書上に直接的な運転禁止の規定はありませんが、服用後の体調変化に十分注意し、これらの症状を感じた場合は運転や高所での危険な作業を避けるよう指導します。""},""禁忌・受診勧奨"":{""判定"":""✕"",""備考"":""15歳未満の小児、および80歳以上の高齢者は服用不可です。腎機能障害、特に高齢者や透析患者では排泄が遅延し血中濃度が上昇するため、QT延長や意識障害などの副作用リスクが高まります。また、心疾患『心筋梗塞や弁膜症、伝導障害等』のある患者では、心血管系の副作用が現れる恐れがあるため使用を避けます。2週間を超えて服用しても症状が改善しない場合は、胃がん等の悪性腫瘍による症状を隠蔽している可能性があるため、速やかに医師の診察を受けるよう促します。""},""相互作用"":{""判定"":""△"",""備考"":""本剤の強力な胃酸分泌抑制作用により胃内pHが上昇するため、酸性条件下で吸収が促進される薬剤『例：イトラコナゾールなどのアゾール系抗真菌薬、ゲフィチニブ等の抗がん薬』の吸収を低下させ、有効性を減弱させるリスクがあります。また、他のH2遮断薬や強力な胃酸分泌抑制薬との併用は、効果の重複と副作用増強の観点から避ける必要があります。アルコールとの併用は、胃粘膜への刺激を強める可能性があるため控えるよう指導します。""},""濫用・MOH"":{""判定"":""△"",""備考"":""中枢神経系への依存性や濫用性は認められていません。アッパー・ダウナー分類にも該当しません。ただし、胃痛や胃もたれに対して自己判断で連用し続けると、胃潰瘍や悪性腫瘍の発見が遅れる二次的リスク『慢性的な症状隠蔽』があるため、3日間服用しても症状が改善しない場合は服用を中止し受診を勧めてください。""},""ドーピング・毒性"":{""判定"":""ー"",""備考"":""WADA『世界アンチ・ドーピング機構』の禁止物質リストには該当しておらず、アスリートも使用可能です。毒性に関しては、【要確認】中毒量・致死量等の詳細はPoisindex等の一次資料を参照してください。""}}]}"
2026/07/02 18:16:19,1,15才未満の小児,授乳中の人は本剤を服用しないか、本剤を服用する場合は授乳を避けること。妊婦又は妊娠していると思われる人は服用前に医師、薬剤師又は登録販売者に相談すること。,-,"{""basis"":""1錠中"",""ingredients"":[{""name"":""ロラタジン"",""id"":""D00364"",""amount"":10,""unit"":""mg""}]}","{""adult_dose"":""1回1錠、1日1回"",""daily_dose"":1,""prohibited_age"":""15才未満の小児""}","{""driving_warning"":""眠気注意"",""pregnancy_warning"":""授乳中の人は本剤を服用しないか、本剤を服用する場合は授乳を避けること。妊婦又は妊娠していると思われる人は服用前に医師、薬剤師又は登録販売者に相談すること。"",""drug_category"":""鼻炎用内服薬"",""category_limit"":7,""packages"":[{""package_type"":""7錠"",""estimated_days"":7,""capacity_judgment"":""小容量""},{""package_type"":""14錠"",""estimated_days"":14,""capacity_judgment"":""大容量""},{""package_type"":""28錠"",""estimated_days"":28,""capacity_judgment"":""大容量""},{""package_type"":""56錠"",""estimated_days"":56,""capacity_judgment"":""大容量""}]}",クラリチンEXは、第2世代抗ヒスタミン成分ロラタジンを含有するアレルギー専用鼻炎薬です。花粉やハウスダストなどによる鼻水、鼻づまり、くしゃみといった鼻のアレルギー症状を緩和します。眠くなりにくく、「集中力、判断力、作業効率の低下」を起こしにくいのが特徴で、1日1回1錠の服用で効き目が長く続きます。,クラリチンEX,対象外,"クラリチンEX：Extension拡張や、Extra（特別、厳選された）の頭文字に由来。「医療用（処方薬）からスイッチ（転用）された経緯の区別の意図。
        病院のクラリチンは「アレルギー性鼻炎」だけでなく「蕁麻疹」や「皮膚のかゆみ」にも適応があります。一方、市販のクラリチンEXは【鼻のアレルギー症状（鼻水、鼻づまり、くしゃみ）の緩和】に限定されています。対象年齢も、病院のクラリチンは小児（3歳〜）にも処方されますが、クラリチンEXは【15歳未満は服用できません】。
        現状､市販薬では「皮膚の適応」が外されている。（受診遅延の防止､慢性掻痒には第2世代抗ヒスタミン薬単剤による効果に疑問符）","【ロラタジン】(妊娠: B1 / 授乳: 安全（L1相当）)
フェキソフェナジンと並び、授乳中の抗ヒスタミン薬として第一選択。鎮静作用が少なく、母子ともに安全性が高い。",【現場_代替薬提案】<br>クラリチンEX 『ロラタジン』 は、第2世代抗ヒスタミン薬の中でも脳内への移行性が極めて低く、添付文書上に 『運転操作の制限』 が記載されていない薬剤です。そのため、日常的に自動車の運転を行う患者や、日中の眠気を避けたい受験生などには第一選択薬として推奨できます。同様に運転制限がない代替薬としては 『フェキソフェナジン塩酸塩』 『アレグラFX等』 が挙げられます。妊婦においては、より臨床実績が豊富なフェキソフェナジンや、局所作用で全身影響の少ない 『ケトチフェン等の点鼻薬』 の提案、または産婦人科医への相談を推奨します。,【現場_服薬指導エビデンス】<br>・<b>妊婦・授乳婦</b>：<br> ・<b>ロラタジン</b>：ヒト母乳中への移行は非常に微量であり、国立成育医療研究センターの 『授乳中に安全に使用できるとされる薬』 にも選定されています。妊娠中の使用に関しても、海外の大規模コホート研究において催奇形性リスクの上昇は示されておらず、安全性が高いグループに属します。詳細なL分類やTGA分類等の数値情報についてはLactMed等の一次資料を参照してください。<br>・<b>運転・操作</b>：<br> ・<b>ロラタジン</b>：非鎮静性第2世代抗ヒスタミン薬に分類され、抗コリン作用や中枢移行性が極めて低いため、添付文書上に 『自動車の運転操作を禁止する』 旨の制限がありません。日常的な運転や機械操作が可能です。ただし、極めて稀に個人の感受性により軽微な眠気を生じる場合があるため、初回服用時の様子見を指導することが推奨されます。<br>・<b>禁忌・受診勧奨</b>：<br> ・<b>ロラタジン</b>：本成分に対する過敏症の既往歴がある患者は禁忌です。また、重篤な肝障害や腎障害のある患者では、薬物の消失半減期が延長し血中濃度が上昇するリスクがあるため慎重に投与します。1週間以上服用しても鼻炎症状の改善が見られない場合や、発熱・膿性鼻汁等の感染症を疑う症状がある場合は、耳鼻咽喉科等への受診勧奨を行います。<br>・<b>相互作用</b>：<br> ・<b>ロラタジン</b>：本成分は主に肝代謝酵素CYP3A4およびCYP2D6で代謝されるため、これらの阻害作用を持つ薬剤 『エリスロマイシン、シメチジン等』 との併用により、ロラタジンの血中濃度が上昇する可能性があります。アルコールとの併用について、中枢抑制の増強作用は他の抗ヒスタミン薬に比して軽微ですが、予期せぬ副作用を防ぐため服用中の過度な飲酒は避けるよう指導します。<br>・<b>濫用・MOH</b>：<br> ・<b>ロラタジン</b>：中枢作用 『ダウナー作用等』 が極めて弱く、依存性や精神運動機能への影響がないため、アッパー・ダウナー分類における濫用懸念はありません。また、鎮痛薬のような薬剤乱用頭痛 『MOH』 を直接誘発する成分ではありませんが、自己判断による数ヶ月以上の漫然とした連続使用は避けるべきです。<br>・<b>ドーピング・毒性</b>：<br> ・<b>ロラタジン</b>：WADA 『世界アンチ・ドーピング機構』 の禁止物質リストには該当せず、競技期間中・期間外ともに使用可能です。【要確認】中毒量・致死量等の詳細な薬学・毒性学的数値については、PoisindexやLexicomp等の一次資料を参照してください。,"{""成分マトリックス"":[{""成分名"":""ロラタジン"",""妊婦・授乳婦"":{""判定"":""〇"",""備考"":""(妊娠: B1 / 授乳: 安全（L1相当）) フェキソフェナジンと並び、授乳中の抗ヒスタミン薬として第一選択。鎮静作用が少なく、母子ともに安全性が高い。""},""運転・操作"":{""判定"":""〇"",""備考"":""非鎮静性第2世代抗ヒスタミン薬に分類され、抗コリン作用や中枢移行性が極めて低いため、添付文書上に 『自動車の運転操作を禁止する』 旨の制限がありません。日常的な運転や機械操作が可能です。ただし、極めて稀に個人の感受性により軽微な眠気を生じる場合があるため、初回服用時の様子見を指導することが推奨されます。""},""禁忌・受診勧奨"":{""判定"":""✕"",""備考"":""本成分に対する過敏症の既往歴がある患者は禁忌です。また、重篤な肝障害や腎障害のある患者では、薬物の消失半減期が延長し血中濃度が上昇するリスクがあるため慎重に投与します。1週間以上服用しても鼻炎症状の改善が見られない場合や、発熱・膿性鼻汁等の感染症を疑う症状がある場合は、耳鼻咽喉科等への受診勧奨を行います。""},""相互作用"":{""判定"":""ー"",""備考"":""本成分は主に肝代謝酵素CYP3A4およびCYP2D6で代謝されるため、これらの阻害作用を持つ薬剤 『エリスロマイシン、シメチジン等』 との併用により、ロラタジンの血中濃度が上昇する可能性があります。アルコールとの併用について、中枢抑制の増強作用は他の抗ヒスタミン薬に比して軽微ですが、予期せぬ副作用を防ぐため服用中の過度な飲酒は避けるよう指導します。""},""濫用・MOH"":{""判定"":""〇"",""備考"":""中枢作用 『ダウナー作用等』 が極めて弱く、依存性や精神運動機能への影響がないため、アッパー・ダウナー分類における濫用懸念はありません。また、鎮痛薬のような薬剤乱用頭痛 『MOH』 を直接誘発する成分ではありませんが、自己判断による数ヶ月以上の漫然とした連続使用は避けるべきです。""},""ドーピング・毒性"":{""判定"":""ー"",""備考"":""WADA 『世界アンチ・ドーピング機構』 の禁止物質リストには該当せず、競技期間中・期間外ともに使用可能です。【要確認】中毒量・致死量等の詳細な薬学・毒性学的数値については、PoisindexやLexicomp等の一次資料を参照してください。""}}]}"
2026/07/02 18:24:10,6,15歳未満の小児,妊婦又は妊娠していると思われる人は服用しないこと,-,"{""basis"":""2錠中"",""ingredients"":[{""name"":""オキセサゼイン"",""id"":""D01152"",""amount"":5,""unit"":""mg""}]}","{""adult_dose"":""2錠：1日3回まで"",""daily_dose"":6,""prohibited_age"":""15歳未満の小児""}","{""driving_warning"":""眠気注意"",""pregnancy_warning"":""妊婦又は妊娠していると思われる人は服用しないこと"",""drug_category"":""胃腸鎮痛鎮けい薬"",""category_limit"":5,""packages"":[{""package_type"":""6錠"",""estimated_days"":1,""capacity_judgment"":""小容量""},{""package_type"":""12錠"",""estimated_days"":2,""capacity_judgment"":""小容量""}]}",サクロンQは、胃酸やアルコールなどが胃粘膜を刺激して起きる「さしこみ、胃痛、はきけ」に速く効く胃ぐすりです。有効成分のオキセサゼインが胃粘膜に直接作用し、胃痛、腹痛、吐き気（むかつき、二日酔い・悪酔いのむかつき）、嘔吐、さしこみ、胸やけ、胃酸過多、胃部不快感、げっぷなどのつらい症状を速やかに改善します。,サクロンQ,対象外,処方箋薬名では「ストロカイン」,"【⚠️レッドフラッグあり：現場確認必須】

【オキセサゼイン】(妊娠: 未分類 / 授乳: 危険（L4相当）)
局所麻酔作用により胃痛を鎮める成分。動物実験では安全とされるが、ヒトでの安全性が確立しておらず、市販薬の添付文書上では明確に「妊婦又は妊娠していると思われる人は服用しないこと（禁忌）」に指定されているレッドフラッグ成分。",【現場_代替薬提案】<br>サクロンQは胃粘膜局所麻酔成分であるオキセサゼインのみを配合し、胃痛やさしこみに対して速効性が期待できる製品です。しかし、15歳未満の小児や妊婦、授乳婦に対する安全性は確立されていません。妊婦の胃痛・胸やけに対しては、医師への相談を前提としつつ、比較的安全に使用できる成分として『メタケイ酸アルミン酸マグネシウムや水酸化マグネシウムなどの制酸剤』や『アルジオキサ製剤』などが候補となります。運転を避けることができない患者に対しては、眠気を引き起こす可能性のあるオキセサゼインの代わりに、眠気の副作用がない『H2ブロッカー「ファモチジンなど、ただし15歳未満は不可」』や『一般的な制酸薬・胃粘膜保護薬』の単剤処方を提案してください。,【現場_服薬指導エビデンス】<br>・<b>妊婦・授乳婦</b>：<br> ・<b>オキセサゼイン</b>：妊婦または妊娠している可能性のある女性に対しては治療上の有益性が危険性を上回ると判断される場合のみ使用することとされており、OTC医薬品としては自己判断での服用を避けるよう指導します。成育医療研究センターの評価やオーストラリアTGA分類における公式な分類情報は明記されていないため『分類情報なし』として扱い、安全性未確立のため推奨しません。授乳婦についても母乳移行の有無が不明であるため、服用する場合は授乳を避けるよう指導します。<br>・<b>運転・操作</b>：<br> ・<b>オキセサゼイン</b>：副作用として眠気やめまい、脱力感があらわれることがあるため、服用後は自動車の運転や危険を伴う機械の操作には絶対に従事しないよう指導する必要があります。<br>・<b>禁忌・受診勧奨</b>：<br> ・<b>オキセサゼイン</b>：15歳未満の小児には安全性が確立されておらず服用禁忌です。また、劇症肝炎等の重篤な肝障害が報告されているため、肝臓疾患のある患者や黄疸等の症状がある場合は受診を勧めます。胃痛が数日以上続く場合や、黒色便、吐血などの症状を伴う場合は、胃潰瘍や十二指腸潰瘍、その他の重大な消化器疾患が疑われるため、直ちに専門医を受診するよう強く指導します。<br>・<b>相互作用</b>：<br> ・<b>オキセサゼイン</b>：胃粘膜局所麻酔作用により胃運動が抑制され、他薬の吸収や移行に影響を及ぼす可能性があります。他の胃腸鎮痛鎮痙薬との併用は避けてください。また、アルコール「飲酒」との併用は、中枢神経抑制作用を増強し、眠気やめまいが著しく強まる危険性があるため厳禁です。<br>・<b>濫用・MOH</b>：<br> ・<b>オキセサゼイン</b>：中枢性の麻薬性成分や興奮薬ではないため、依存性物質としての分類はなく、薬剤乱用頭痛「MOH」の直接的なリスクはありません。ただし、一時的な除痛効果に依存して漫然と長期連用「2週間以上」することは、重大な原疾患の発見を遅らせる恐れがあるため不適切連用として厳しく制限すべきです。<br>・<b>ドーピング・毒性</b>：<br> ・<b>オキセサゼイン</b>：WADA「世界アンチ・ドーピング機構」の禁止物質リストには該当せず、アスリートでも服用可能です。【要確認】中毒量・致死量等の詳細はPoisindex等の一次資料を参照してください。,"{""成分マトリックス"":[{""成分名"":""オキセサゼイン"",""妊婦・授乳婦"":{""判定"":""✕"",""備考"":""(妊娠: 未分類 / 授乳: 危険（L4相当）) 局所麻酔作用により胃痛を鎮める成分。動物実験では安全とされるが、ヒトでの安全性が確立しておらず、市販薬の添付文書上では明確に「妊婦又は妊娠していると思われる人は服用しないこと（禁忌）」に指定されているレッドフラッグ成分。""},""運転・操作"":{""判定"":""ー"",""備考"":""副作用として眠気やめまい、脱力感があらわれることがあるため、服用後は自動車の運転や危険を伴う機械の操作には絶対に従事しないよう指導する必要があります。""},""禁忌・受診勧奨"":{""判定"":""✕"",""備考"":""15歳未満の小児には安全性が確立されておらず服用禁忌です。また、劇症肝炎等の重篤な肝障害が報告されているため、肝臓疾患のある患者や黄疸等の症状がある場合は受診を勧めます。胃痛が数日以上続く場合や、黒色便、吐血などの症状を伴う場合は、胃潰瘍や十二指腸潰瘍、その他の重大な消化器疾患が疑われるため、直ちに専門医を受診するよう強く指導します。""},""相互作用"":{""判定"":""✕"",""備考"":""胃粘膜局所麻酔作用により胃運動が抑制され、他薬の吸収や移行に影響を及ぼす可能性があります。他の胃腸鎮痛鎮痙薬との併用は避けてください。また、アルコール「飲酒」との併用は、中枢神経抑制作用を増強し、眠気やめまいが著しく強まる危険性があるため厳禁です。""},""濫用・MOH"":{""判定"":""〇"",""備考"":""中枢性の麻薬性成分や興奮薬ではないため、依存性物質としての分類はなく、薬剤乱用頭痛「MOH」の直接的なリスクはありません。ただし、一時的な除痛効果に依存して漫然と長期連用「2週間以上」することは、重大な原疾患の発見を遅らせる恐れがあるため不適切連用として厳しく制限すべきです。""},""ドーピング・毒性"":{""判定"":""ー"",""備考"":""WADA「世界アンチ・ドーピング機構」の禁止物質リストには該当せず、アスリートでも服用可能です。【要確認】中毒量・致死量等の詳細はPoisindex等の一次資料を参照してください。""}}]}"
2026/07/02 18:27:33,0,-,-,-,"{""basis"":""100枚中"",""ingredients"":[{""name"":""グルコースオキシダーゼ"",""id"":""D10011"",""amount"":371.4,""unit"":""I.U.""},{""name"":""ペルオキシダーゼ"",""id"":""C05785"",""amount"":47.6,""unit"":""I.U.""},{""name"":""o-トリジン"",""id"":""C14443"",""amount"":33.4,""unit"":""mg""},{""name"":""テトラブロムフェノールブルー"",""id"":"""",""amount"":0.72,""unit"":""mg""}]}","{""adult_dose"":""検査薬を尿に約1秒間浸す、又は直接尿を約1秒間かける"",""daily_dose"":0,""prohibited_age"":""""}","{""driving_warning"":"""",""pregnancy_warning"":"""",""drug_category"":""一般用検査薬（尿糖・尿タンパク用）"",""category_limit"":5,""packages"":[{""package_type"":""15枚"",""estimated_days"":null,""capacity_judgment"":""小容量""},{""package_type"":""60枚"",""estimated_days"":null,""capacity_judgment"":""小容量""}]}",身体の健康状態や体内の機能に変化や異常があると、尿中に含まれる成分も変化します。新ウリエースBTは尿中の糖（ブドウ糖）及びたん白（アルブミン）を検出する検査薬ですので、定期的に使用することで、体内の変化や異常をチェックし、健康管理や早期受診にお役立ていただけます。なお、本検査は尿中の糖及びたん白を検出するものであり、病気の診断を行うものではありません。,新ウリエースBT,一般用検査薬,-,"【グルコースオキシダーゼ】(妊娠: 評価対象外 / 授乳: 評価対象外)
尿糖を検出するための一般用検査薬（新ウリエースBT等）の試験紙に含まれる酵素。内服するものではないため、妊婦・授乳婦に対する催奇性や母乳移行性の評価対象外（安全に使用可能）。

【ペルオキシダーゼ】(妊娠: 評価対象外 / 授乳: 評価対象外)
尿検査薬の試験紙に含まれる発色補助酵素。内服・吸収されるものではないため、妊婦・授乳婦の身体への影響はなく評価対象外（安全に使用可能）。

【o-トリジン】(妊娠: 評価対象外 / 授乳: 評価対象外)
尿糖検査薬の試験紙に含まれる発色剤。内服するものではないため、臨床的なリスク評価の対象外（検査用途として安全）。

【テトラブロムフェノールブルー】(妊娠: 評価対象外 / 授乳: 評価対象外)
尿たん白を検出するための一般用検査薬の試験紙に含まれる色素（発色剤）。内服・吸収されないため妊婦・授乳婦への影響はなく、評価対象外。",-,-,"{""成分マトリックス"":[{""成分名"":""グルコースオキシダーゼ"",""妊婦・授乳婦"":{""判定"":""〇"",""備考"":""(妊娠: 評価対象外 / 授乳: 評価対象外) 尿糖を検出するための一般用検査薬（新ウリエースBT等）の試験紙に含まれる酵素。内服するものではないため、妊婦・授乳婦に対する催奇性や母乳移行性の評価対象外（安全に使用可能）。""}},{""成分名"":""ペルオキシダーゼ"",""妊婦・授乳婦"":{""判定"":""〇"",""備考"":""(妊娠: 評価対象外 / 授乳: 評価対象外) 尿検査薬の試験紙に含まれる発色補助酵素。内服・吸収されるものではないため、妊婦・授乳婦の身体への影響はなく評価対象外（安全に使用可能）。""}},{""成分名"":""o-トリジン"",""妊婦・授乳婦"":{""判定"":""〇"",""備考"":""(妊娠: 評価対象外 / 授乳: 評価対象外) 尿糖検査薬の試験紙に含まれる発色剤。内服するものではないため、臨床的なリスク評価の対象外（検査用途として安全）。""}},{""成分名"":""テトラブロムフェノールブルー"",""妊婦・授乳婦"":{""判定"":""ー"",""備考"":""(妊娠: 評価対象外 / 授乳: 評価対象外) 尿たん白を検出するための一般用検査薬の試験紙に含まれる色素（発色剤）。内服・吸収されないため妊婦・授乳婦への影響はなく、評価対象外。""}}]}"
2026/07/02 18:29:40,1,15歳未満の小児,妊婦又は妊娠していると思われる人は相談すること。授乳中の人は本剤を服用しないか、本剤を服用する場合は授乳を避けること。,-,"{""basis"":""1錠中"",""ingredients"":[{""name"":""セチリジン塩酸塩"",""id"":""D00664"",""amount"":10,""unit"":""mg""}]}","{""adult_dose"":""1回1錠、1日1回（就寝前）"",""daily_dose"":1,""prohibited_age"":""15歳未満の小児""}","{""driving_warning"":""運転禁止"",""pregnancy_warning"":""妊婦又は妊娠していると思われる人は相談すること。授乳中の人は本剤を服用しないか、本剤を服用する場合は授乳を避けること。"",""drug_category"":""鼻炎用内服薬"",""category_limit"":7,""packages"":[{""package_type"":""16錠"",""estimated_days"":16,""capacity_judgment"":""大容量""},{""package_type"":""32錠"",""estimated_days"":32,""capacity_judgment"":""大容量""}]}",本剤はアレルギー専用鼻炎薬で、花粉やハウスダストなどによるくしゃみ、鼻水、鼻づまりといった鼻のアレルギー症状を緩和します。優れた効果を持つ第2世代抗アレルギー成分を配合しており、寝る前に1日1回1錠を服用するだけでしっかり効きます。直径約7ミリの小さな錠剤で飲みやすいのも特徴です。,新コンタック鼻炎Z,＊対象外,"新コンタック鼻炎Z：コンタックブランドの中で唯一､指定濫用成分含まない｡
        セチリジン（第2世代）が寝る前1回持続。ただし、セチリジン塩酸塩は「妊婦又は妊娠している可能性のある婦人（禁忌）」と添付に明記
        　その他「600プラス/総合かぜ薬/かぜ総合DX/かぜ総合/せき止めダブル/総合感冒薬EX」等、総じて指定濫用成分含む","【セチリジン塩酸塩】(妊娠: B2 / 授乳: 安全（L2相当）)
第2世代抗ヒスタミン薬。実臨床（成育医療センター等）では授乳中安全（L2）とされるが、市販薬（新コンタック鼻炎Z等）の添付文書では「妊婦は相談、授乳中は服用を避ける」と防衛的に記載されているため、説明のギャップに注意。",【現場_代替薬提案】<br>・<b>運転をする必要がある患者</b>：本剤『セチリジン塩酸塩』は服用後の運転操作が禁止されています。眠気の発現率が比較的低く、添付文書上での運転制限がないフェキソフェナジン塩酸塩『アレグラFXなど』やロラタジン『クラリチンEXなど』への代替を推奨します。<br>・<b>妊婦・授乳婦</b>：全身移行性の低いステロイド点鼻薬への代替、または医師に相談の上で比較的安全性データが豊富な抗ヒスタミン薬の選択を推奨します。,【現場_服薬指導エビデンス】<br>・<b>妊婦・授乳婦</b>：<br> ・<b>セチリジン塩酸塩</b>：オーストラリアTGA分類ではB2に分類されています。妊婦又は妊娠している可能性のある女性には治療上の有益性が危険性を上回ると判断される場合のみ使用することとされています。ヒト母乳中への移行が報告されているため、授乳中の使用は避けるか授乳を中止することが望ましく、代替案の検討を推奨します。<br>・<b>運転・操作</b>：<br> ・<b>セチリジン塩酸塩</b>：第二世代抗ヒスタミン薬の中では比較的鎮静作用があり、眠気を催すことがあるため、服用後は自動車の運転や危険を伴う機械の操作には絶対に従事しないよう指導してください。半減期は約7から10時間です。<br>・<b>禁忌・受診勧奨</b>：<br> ・<b>セチリジン塩酸塩</b>：本剤又はピペラジン誘導体『レボセチリジン、ヒドロキシジンなど』に過敏症の既往がある患者、重度の腎障害『クレアチニンクリアランス30mL/min未満』のある患者には禁忌です。腎機能低下者や高齢者は受診勧奨または医師の指導下での慎重投与が必要です。<br>・<b>相互作用</b>：<br> ・<b>セチリジン塩酸塩</b>：テオフィリンとの併用により本剤のクリアランスが減少することがあります。また、アルコールや他の中枢神経抑制剤『抗不安薬、睡眠薬など』との併用は中枢神経抑制作用を増強し眠気やふらつきを悪化させるため避けてください。<br>・<b>濫用・MOH</b>：<br> ・<b>セチリジン塩酸塩</b>：精神依存性や身体依存性はなく、濫用のおそれはありません。ただし、症状が改善しないまま漫然と長期連用することは避け、耳鼻咽喉科等の受診を促してください。<br>・<b>ドーピング・毒性</b>：<br> ・<b>セチリジン塩酸塩</b>：WADA『世界反ドーピング機関』の禁止物質には該当せず、使用可能です。中毒量などの毒性学的詳細な数値情報については、【要確認】中毒量・致死量等の詳細はPoisindex等の一次資料を参照してください。,"{""成分マトリックス"":[{""成分名"":""セチリジン塩酸塩"",""妊婦・授乳婦"":{""判定"":""〇"",""備考"":""(妊娠: B2 / 授乳: 安全（L2相当）) 第2世代抗ヒスタミン薬。実臨床（成育医療センター等）では授乳中安全（L2）とされるが、市販薬（新コンタック鼻炎Z等）の添付文書では「妊婦は相談、授乳中は服用を避ける」と防衛的に記載されているため、説明のギャップに注意。""},""運転・操作"":{""判定"":""ー"",""備考"":""第二世代抗ヒスタミン薬の中では比較的鎮静作用があり、眠気を催すことがあるため、服用後は自動車の運転や危険を伴う機械の操作には絶対に従事しないよう指導してください。半減期は約7から10時間です。""},""禁忌・受診勧奨"":{""判定"":""✕"",""備考"":""本剤又はピペラジン誘導体『レボセチリジン、ヒドロキシジンなど』に過敏症の既往がある患者、重度の腎障害『クレアチニンクリアランス30mL/min未満』のある患者には禁忌です。腎機能低下者や高齢者は受診勧奨または医師の指導下での慎重投与が必要です。""},""相互作用"":{""判定"":""✕"",""備考"":""テオフィリンとの併用により本剤のクリアランスが減少することがあります。また、アルコールや他の中枢神経抑制剤『抗不安薬、睡眠薬など』との併用は中枢神経抑制作用を増強し眠気やふらつきを悪化させるため避けてください。""},""濫用・MOH"":{""判定"":""〇"",""備考"":""精神依存性や身体依存性はなく、濫用のおそれはありません。ただし、症状が改善しないまま漫然と長期連用することは避け、耳鼻咽喉科等の受診を促してください。""},""ドーピング・毒性"":{""判定"":""ー"",""備考"":""WADA『世界反ドーピング機関』の禁止物質には該当せず、使用可能です。中毒量などの毒性学的詳細な数値情報については、【要確認】中毒量・致死量等の詳細はPoisindex等の一次資料を参照してください。""}}]}"
2026/07/02 18:36:31,3,15歳未満の小児,妊婦又は妊娠していると思われる人は服用前に医師、薬剤師又は登録販売者に相談してください。,-,"{""basis"":""3包(3g)中"",""ingredients"":[{""name"":""テプレノン"",""id"":""D01827"",""amount"":112.5,""unit"":""mg""},{""name"":""ソウジュツ乾燥エキス"",""id"":""D06752"",""amount"":150,""unit"":""mg""},{""name"":""蒼朮"",""id"":""D06752"",""amount"":1.5,""unit"":""g""},{""name"":""コウボク乾燥エキス"",""id"":""D06720"",""amount"":83.4,""unit"":""mg""},{""name"":""厚朴"",""id"":""D06720"",""amount"":1,""unit"":""g""}]}","{""adult_dose"":""1回1包、1日3回"",""daily_dose"":3,""prohibited_age"":""15歳未満の小児""}","{""driving_warning"":"""",""pregnancy_warning"":""妊婦又は妊娠していると思われる人は服用前に医師、薬剤師又は登録販売者に相談してください。"",""drug_category"":""健胃薬"",""category_limit"":5,""packages"":[{""package_type"":""12包"",""estimated_days"":4,""capacity_judgment"":""小容量""},{""package_type"":""27包"",""estimated_days"":9,""capacity_judgment"":""大容量""}]}",普段から胃の弱りを感じる方におすすめの胃腸薬です。「胃もたれ」「胸やけ」などの症状を漫然と繰り返す方や、少し胃に負担がかかるだけで不快な症状を感じる方に適しています。胃酸などの刺激から胃の粘膜を守る「胃粘液」を増やし、さらに胃の運動を活発にして弱った胃の状態を整えます。サッと溶けて飲みやすい細粒剤です。,セルベール,対象外,粉薬タイプの「セルベール（細粒）」には「整胃錠」のように「整胃」という言葉が製品名に直接入っていません。製造元が理由ではなく、単に「錠剤（錠）」か「粉薬（細粒）」かの名称の区別によるもの,"【テプレノン】(妊娠: 未分類 / 授乳: 安全（L2相当）)
胃粘液修復薬。妊婦・授乳婦に対する明らかな有害事象の報告はなく、通常用量であれば比較的安全に使用できる。

【ソウジュツ乾燥エキス】(妊娠: 未分類 / 授乳: 安全（L2相当）)
健胃・利尿作用をもつ生薬成分。セルベールなどの胃腸薬に配合される。通常のOTC用量であれば妊婦・授乳婦ともに安全。

【ソウジュツ乾燥エキス】(妊娠: 未分類 / 授乳: 安全（L2相当）)
健胃・利尿作用をもつ生薬成分。セルベールなどの胃腸薬に配合される。通常のOTC用量であれば妊婦・授乳婦ともに安全。

【コウボク乾燥エキス】(妊娠: 未分類 / 授乳: 安全（L2相当）)
健胃・鎮痙作用をもつ生薬成分。セルベールなどに配合される。通常のOTC用量であれば妊婦・授乳婦ともに安全。

【コウボク乾燥エキス】(妊娠: 未分類 / 授乳: 安全（L2相当）)
健胃・鎮痙作用をもつ生薬成分。セルベールなどに配合される。通常のOTC用量であれば妊婦・授乳婦ともに安全。",【現場_代替薬提案】<br>・<b>運転者・緑内障・前立腺肥大の患者への提案</b>：本剤『セルベール』は、抗コリン成分『ロートエキス等』や抗ヒスタミン成分を含まないため、運転頻度の高い方や、緑内障、前立腺肥大症の基礎疾患をお持ちの方に対して非常に安全性が高く、そのまま第一選択薬として提案可能です。<br>・<b>妊婦・授乳婦への代替提案</b>：妊婦の胃もたれ・胃痛に対しては、第一選択として非薬物療法『食事の分割摂取等』を指導し、薬物治療が必要な場合は、より臨床実績が豊富で安全性の高い『乳酸菌製剤』や、一時的な胃酸過多に対しては『中和性制酸剤』を検討します。OTC薬では、自己判断での長期服用を避け、消化器内科や産婦人科への受診を推奨することが最も安全です。,【現場_服薬指導エビデンス】<br>・<b>妊婦・授乳婦</b>：<br>  ・<b>テプレノン</b>：成育医療研究センターの『授乳中に安全に使用できると思われる薬』や『妊娠中の薬』のデータベースにおいて明確な評価『L分類等』は確認されていません。添付文書上、妊婦または妊娠している可能性のある女性には『治療上の有益性が危険性を上回ると判断される場合にのみ投与すること』とされており、使用経験が少ないため積極的な推奨は避けます。授乳婦については添付文書上の授乳避制限はありませんが、乳汁移行に関するデータが十分ではないため、服用時は医師・薬剤師への相談を促します。<br>  ・<b>ソウジュツ「蒼朮」</b>：一般的な漢方製剤において、通常の配合量であれば胎児への毒性報告はありませんが、安全性確立のため妊娠中の自己判断での服用は避け、医師に相談するよう指導します。<br>  ・<b>コウボク「厚朴」</b>：理気『気の巡りを良くする』生薬であり、古くから多量摂取により子宮収縮を誘発する可能性が指摘されているため、妊婦への投与は慎重であるべきです。通常のOTC配合量での危険性は極めて低いと考えられますが、妊娠中の積極的な使用は推奨しません。<br>・<b>運転・操作</b>：<br>  ・<b>テプレノン</b>：中枢移行性や抗コリン作用、抗ヒスタミン作用はなく、半減期は約1.5時間『健常成人におけるデータ』と速やかに代謝されます。運転・機械操作に対する制限は一切ありません。<br>  ・<b>ソウジュツ・コウボク</b>：中枢抑制を伴う眠気等の副作用は通常認められず、運転や高所作業への影響はありません。本剤全体として運転従事者に極めて使いやすい胃腸薬です。<br>・<b>禁忌・受診勧奨</b>：<br>  ・<b>全成分共通</b>：添付文書上の絶対的禁忌はありません。ただし、2週間以上服用しても胃痛、胃もたれ、腹部膨満感などの症状が改善しない場合は、胃潰瘍や十二指腸潰瘍、胃がん等の重篤な消化器疾患の可能性を考慮し、直ちに服用を中止して消化器内科を受診するよう強く指導します。特に、吐血、下血、急激な体重減少、嚥下困難などのレッドフラッグサインが見られる場合は直ちに受診を勧めます。<br>・<b>相互作用</b>：<br>  ・<b>テプレノン</b>：他薬『SSRIや抗血小板薬など』との重篤な相互作用は報告されていません。アルコールとの直接的な薬理学的相互作用はありませんが、アルコール自体が胃粘膜を荒らすため、服用期間中の飲酒は避けるよう指導します。<br>  ・<b>ソウジュツ・コウボク</b>：他の胃腸薬『特に生薬や漢方薬』を併用する場合、成分の重複『特に蒼朮・厚朴』による過剰摂取に注意を払う必要があります。<br>・<b>濫用・MOH</b>：<br>  ・<b>全成分共通</b>：アッパー・ダウナー作用を示す成分や、依存性を有する成分は一切含まれていません。薬剤乱用頭痛『MOH』の原因となることもありません。長期連用による耐性形成の報告もありません。<br>・<b>ドーピング・毒性</b>：<br>  ・<b>全成分共通</b>：テプレノン、ソウジュツ、コウボクともにWADA『世界反ドーピング機関』の禁止物質リストには該当せず、アスリートでも安心して使用可能です。毒性については、『【要確認】中毒量・致死量等の詳細はPoisindex等の一次資料を参照』とします。,"{""成分マトリックス"":[{""成分名"":""テプレノン"",""妊婦・授乳婦"":{""判定"":""〇"",""備考"":""(妊娠: 未分類 / 授乳: 安全（L2相当）) 胃粘液修復薬。妊婦・授乳婦に対する明らかな有害事象の報告はなく、通常用量であれば比較的安全に使用できる。""},""運転・操作"":{""判定"":""〇"",""備考"":""中枢移行性や抗コリン作用、抗ヒスタミン作用はなく、半減期は約1.5時間『健常成人におけるデータ』と速やかに代謝されます。運転・機械操作に対する制限は一切ありません。""},""相互作用"":{""判定"":""〇"",""備考"":""他薬『SSRIや抗血小板薬など』との重篤な相互作用は報告されていません。アルコールとの直接的な薬理学的相互作用はありませんが、アルコール自体が胃粘膜を荒らすため、服用期間中の飲酒は避けるよう指導します。""}},{""成分名"":""ソウジュツ「蒼朮」"",""妊婦・授乳婦"":{""判定"":""〇"",""備考"":""一般的な漢方製剤において、通常の配合量であれば胎児への毒性報告はありませんが、安全性確立のため妊娠中の自己判断での服用は避け、医師に相談するよう指導します。""}},{""成分名"":""コウボク「厚朴」"",""妊婦・授乳婦"":{""判定"":""△"",""備考"":""理気『気の巡りを良くする』生薬であり、古くから多量摂取により子宮収縮を誘発する可能性が指摘されているため、妊婦への投与は慎重であるべきです。通常のOTC配合量での危険性は極めて低いと考えられますが、妊娠中の積極的な使用は推奨しません。""}},{""成分名"":""ソウジュツ・コウボク"",""運転・操作"":{""判定"":""〇"",""備考"":""中枢抑制を伴う眠気等の副作用は通常認められず、運転や高所作業への影響はありません。本剤全体として運転従事者に極めて使いやすい胃腸薬です。""},""相互作用"":{""判定"":""△"",""備考"":""他の胃腸薬『特に生薬や漢方薬』を併用する場合、成分の重複『特に蒼朮・厚朴』による過剰摂取に注意を払う必要があります。""}},{""成分名"":""全成分共通"",""禁忌・受診勧奨"":{""判定"":""〇"",""備考"":""添付文書上の絶対的禁忌はありません。ただし、2週間以上服用しても胃痛、胃もたれ、腹部膨満感などの症状が改善しない場合は、胃潰瘍や十二指腸潰瘍、胃がん等の重篤な消化器疾患の可能性を考慮し、直ちに服用を中止して消化器内科を受診するよう強く指導します。特に、吐血、下血、急激な体重減少、嚥下困難などのレッドフラッグサインが見られる場合は直ちに受診を勧めます。""},""濫用・MOH"":{""判定"":""〇"",""備考"":""アッパー・ダウナー作用を示す成分や、依存性を有する成分は一切含まれていません。薬剤乱用頭痛『MOH』の原因となることもありません。長期連用による耐性形成の報告もありません。""},""ドーピング・毒性"":{""判定"":""ー"",""備考"":""テプレノン、ソウジュツ、コウボクともにWADA『世界反ドーピング機関』の禁止物質リストには該当せず、アスリートでも安心して使用可能です。毒性については、『【要確認】中毒量・致死量等の詳細はPoisindex等の一次資料を参照』とします。""}},{""成分名"":""ソウジュツ乾燥エキス/セネガ"",""妊婦・授乳婦"":{""判定"":""〇"",""備考"":""(妊娠: 未分類 / 授乳: 安全（L2相当）) 健胃・利尿作用をもつ生薬成分。セルベールなどの胃腸薬に配合される。通常のOTC用量であれば妊婦・授乳婦ともに安全。""}},{""成分名"":""コウボク乾燥エキス/セネガ"",""妊婦・授乳婦"":{""判定"":""〇"",""備考"":""(妊娠: 未分類 / 授乳: 安全（L2相当）) 健胃・鎮痙作用をもつ生薬成分。セルベールなどに配合される。通常のOTC用量であれば妊婦・授乳婦ともに安全。""}}]}"
2026/07/02 18:44:04,3,15歳未満の小児,妊婦又は妊娠していると思われる人は、服用前に医師、薬剤師又は登録販売者に相談してください。,-,"{""basis"":""3錠中"",""ingredients"":[{""name"":""テプレノン"",""id"":""D01827"",""amount"":112.5,""unit"":""mg""},{""name"":""ソウジュツ乾燥エキス"",""id"":""D06752"",""amount"":150,""unit"":""mg""},{""name"":""蒼朮"",""id"":""D06752"",""amount"":1.5,""unit"":""g""},{""name"":""コウボク乾燥エキス"",""id"":""D06720"",""amount"":83.4,""unit"":""mg""},{""name"":""厚朴"",""id"":""D06720"",""amount"":1,""unit"":""g""}]}","{""adult_dose"":""1回1錠、1日3回"",""daily_dose"":3,""prohibited_age"":""15歳未満の小児""}","{""driving_warning"":"""",""pregnancy_warning"":""妊婦又は妊娠していると思われる人は、服用前に医師、薬剤師又は登録販売者に相談してください。"",""drug_category"":""健胃薬"",""category_limit"":5,""packages"":[{""package_type"":""12錠"",""estimated_days"":4,""capacity_judgment"":""小容量""},{""package_type"":""21錠"",""estimated_days"":7,""capacity_judgment"":""大容量""},{""package_type"":""45錠"",""estimated_days"":15,""capacity_judgment"":""大容量""}]}",胃もたれ、胸やけ、食べ過ぎなどに効果を現す胃腸薬です。普段から胃の弱りを感じる方や、少しの胃への負担で不快な症状を繰り返す方におすすめです。胃酸などの刺激から胃の粘膜を守る「胃粘液」を増やし、さらに胃の運動を活発にして弱った胃の状態を整えます。1回1錠で効く飲みやすい錠剤タイプで、弱った胃を元気にしていきます。,セルベール整胃錠,対象外,-,"【テプレノン】(妊娠: 未分類 / 授乳: 安全（L2相当）)
胃粘液修復薬。妊婦・授乳婦に対する明らかな有害事象の報告はなく、通常用量であれば比較的安全に使用できる。

【ソウジュツ乾燥エキス】(妊娠: 未分類 / 授乳: 安全（L2相当）)
健胃・利尿作用をもつ生薬成分。セルベールなどの胃腸薬に配合される。通常のOTC用量であれば妊婦・授乳婦ともに安全。

【ソウジュツ乾燥エキス】(妊娠: 未分類 / 授乳: 安全（L2相当）)
健胃・利尿作用をもつ生薬成分。セルベールなどの胃腸薬に配合される。通常のOTC用量であれば妊婦・授乳婦ともに安全。

【コウボク乾燥エキス】(妊娠: 未分類 / 授乳: 安全（L2相当）)
健胃・鎮痙作用をもつ生薬成分。セルベールなどに配合される。通常のOTC用量であれば妊婦・授乳婦ともに安全。

【コウボク乾燥エキス】(妊娠: 未分類 / 授乳: 安全（L2相当）)
健胃・鎮痙作用をもつ生薬成分。セルベールなどに配合される。通常のOTC用量であれば妊婦・授乳婦ともに安全。",【現場_代替薬提案】<br>本剤に含まれるテプレノンや生薬成分『蒼朮・厚朴』は、妊婦に対する安全性の確立されたデータが不十分であるため、妊娠中の胃部不快感に対しては、医師より処方される安全性の高い胃粘膜保護剤や、より臨床データが豊富なアルギン酸ナトリウム製剤等の使用を考慮するよう提案します。また、胃酸分泌抑制作用を重視する場合は、抗コリン成分非配合のH2受容体拮抗薬『ファモチジン等』が代替候補となります。,【現場_服薬指導エビデンス】<br>・<b>妊婦・授乳婦</b>：<br> ・<b>テプレノン</b>：妊婦に対する安全性は確立されておらず、治療上の有益性が危険性を上回ると判断される場合のみ投与を考慮する。授乳婦における成育L分類やTGA分類等の公式評価は登録されていないため、授乳継続の可否は臨床判断とし、懸念がある場合は一時的な授乳避止を指導する。<br> ・<b>ソウジュツ</b>：妊婦への投与における臨床安全性データは確立されておらず、原則として使用を控えることが望ましい。<br> ・<b>コウボク</b>：子宮収縮作用や胎児への影響に関する確実な臨床データが不足しているため、妊娠中および授乳中の多量摂取は避けるべきである。<br>・<b>運転・操作</b>：<br> ・<b>テプレノン</b>：眠気や注意力低下を引き起こす抗コリン作用や中枢抑制作用はなく、服用後の運転操作は可能である。<br> ・<b>ソウジュツ</b>：中枢抑制作用による運転への重大な影響は報告されていない。<br> ・<b>コウボク</b>：運転に支障をきたす作用は報告されていないが、体調不良に伴う集中力低下には留意する。<br>・<b>禁忌・受診勧奨</b>：<br> ・<b>共通</b>：本剤の成分に対し過敏症の既往歴がある患者には禁忌。胃痛が激しい、黒色便や吐血がある、短期間での急激な体重減少を伴うなど、消化管出血や悪性腫瘍が疑われるレッドフラッグサインが存在する場合は、市販薬での対処を中止し、速やかに専門医を受診するよう勧奨する。<br>・<b>相互作用</b>：<br> ・<b>共通</b>：SSRIなどの抗うつ薬や他の胃腸薬との併用による特異的な相互作用は知られていないが、他の生薬製剤や漢方薬との併用時には、蒼朮および厚朴の重複摂取に注意する。アルコールは胃粘膜を直接刺激し、本剤の胃粘膜保護効果を減弱させる可能性があるため、服用中の飲酒は避けるべきである。<br>・<b>濫用・MOH</b>：<br> ・<b>共通</b>：中枢神経を過度に興奮または抑制させる成分は含まれておらず、精神依存や身体依存のリスクはない。また、薬剤乱用頭痛『MOH』を惹起する成分も含まれていない。<br>・<b>ドーピング・毒性</b>：<br> ・<b>共通</b>：世界反ドーピング機関『WADA』の禁止物質リストには該当せず、スポーツ選手でも安心して使用可能である。【要確認】テプレノンおよび生薬成分の中毒量や致死量等の詳細はPoisindex等の一次資料を参照。,"{""成分マトリックス"":[{""成分名"":""テプレノン"",""妊婦・授乳婦"":{""判定"":""〇"",""備考"":""(妊娠: 未分類 / 授乳: 安全（L2相当）) 胃粘液修復薬。妊婦・授乳婦に対する明らかな有害事象の報告はなく、通常用量であれば比較的安全に使用できる。""},""運転・操作"":{""判定"":""△"",""備考"":""眠気や注意力低下を引き起こす抗コリン作用や中枢抑制作用はなく、服用後の運転操作は可能である。""}},{""成分名"":""ソウジュツ"",""妊婦・授乳婦"":{""判定"":""〇"",""備考"":""妊婦への投与における臨床安全性データは確立されておらず、原則として使用を控えることが望ましい。""},""運転・操作"":{""判定"":""ー"",""備考"":""中枢抑制作用による運転への重大な影響は報告されていない。""}},{""成分名"":""コウボク"",""妊婦・授乳婦"":{""判定"":""ー"",""備考"":""子宮収縮作用や胎児への影響に関する確実な臨床データが不足しているため、妊娠中および授乳中の多量摂取は避けるべきである。""},""運転・操作"":{""判定"":""ー"",""備考"":""運転に支障をきたす作用は報告されていないが、体調不良に伴う集中力低下には留意する。""}},{""成分名"":""共通"",""禁忌・受診勧奨"":{""判定"":""✕"",""備考"":""本剤の成分に対し過敏症の既往歴がある患者には禁忌。胃痛が激しい、黒色便や吐血がある、短期間での急激な体重減少を伴うなど、消化管出血や悪性腫瘍が疑われるレッドフラッグサインが存在する場合は、市販薬での対処を中止し、速やかに専門医を受診するよう勧奨する。""},""相互作用"":{""判定"":""△"",""備考"":""SSRIなどの抗うつ薬や他の胃腸薬との併用による特異的な相互作用は知られていないが、他の生薬製剤や漢方薬との併用時には、蒼朮および厚朴の重複摂取に注意する。アルコールは胃粘膜を直接刺激し、本剤の胃粘膜保護効果を減弱させる可能性があるため、服用中の飲酒は避けるべきである。""},""濫用・MOH"":{""判定"":""△"",""備考"":""中枢神経を過度に興奮または抑制させる成分は含まれておらず、精神依存や身体依存のリスクはない。また、薬剤乱用頭痛『MOH』を惹起する成分も含まれていない。""},""ドーピング・毒性"":{""判定"":""ー"",""備考"":""世界反ドーピング機関『WADA』の禁止物質リストには該当せず、スポーツ選手でも安心して使用可能である。【要確認】テプレノンおよび生薬成分の中毒量や致死量等の詳細はPoisindex等の一次資料を参照。""}},{""成分名"":""ソウジュツ乾燥エキス/セネガ"",""妊婦・授乳婦"":{""判定"":""〇"",""備考"":""(妊娠: 未分類 / 授乳: 安全（L2相当）) 健胃・利尿作用をもつ生薬成分。セルベールなどの胃腸薬に配合される。通常のOTC用量であれば妊婦・授乳婦ともに安全。""}},{""成分名"":""コウボク乾燥エキス/セネガ"",""妊婦・授乳婦"":{""判定"":""〇"",""備考"":""(妊娠: 未分類 / 授乳: 安全（L2相当）) 健胃・鎮痙作用をもつ生薬成分。セルベールなどに配合される。通常のOTC用量であれば妊婦・授乳婦ともに安全。""}}]}"
2026/07/02 18:45:40,3,15歳未満の小児,妊婦又は妊娠していると思われる人は、服用前に医師、薬剤師又は登録販売者に相談してください。,-,"{""basis"":""3錠中"",""ingredients"":[{""name"":""テプレノン"",""id"":""D01827"",""amount"":150,""unit"":""mg""},{""name"":""ソウジュツ乾燥エキス"",""id"":""D06752"",""amount"":150,""unit"":""mg""},{""name"":""蒼朮"",""id"":""D06752"",""amount"":1.5,""unit"":""g""},{""name"":""コウボク乾燥エキス"",""id"":""D06720"",""amount"":83.4,""unit"":""mg""},{""name"":""厚朴"",""id"":""D06720"",""amount"":1,""unit"":""g""},{""name"":""リパーゼAP6"",""id"":"""",""amount"":14.7,""unit"":""mg""}]}","{""adult_dose"":""1錠×3回"",""daily_dose"":3,""prohibited_age"":""15歳未満の小児""}","{""driving_warning"":"""",""pregnancy_warning"":""妊婦又は妊娠していると思われる人は、服用前に医師、薬剤師又は登録販売者に相談してください。"",""drug_category"":""健胃薬"",""category_limit"":5,""packages"":[{""package_type"":""18錠"",""estimated_days"":6,""capacity_judgment"":""大容量""},{""package_type"":""36錠"",""estimated_days"":12,""capacity_judgment"":""大容量""},{""package_type"":""72錠"",""estimated_days"":24,""capacity_judgment"":""大容量""}]}",最近、胃が弱ってきたと感じる方におすすめの胃腸薬です。胃を守るテプレノンを増量し処方強化した本剤は、胃粘液を増やして胃を守る「守る」、胃の運動を活発にする「動かす」、脂肪を分解して消化する力を高める「消化する」という3つの働きで胃もたれなどの弱ってきた胃の症状を改善します。1回1錠で効く飲みやすい錠剤です。,新セルベール整胃プレミアム〈錠〉,対象外,-,"【テプレノン】(妊娠: 未分類 / 授乳: 安全（L2相当）)
胃粘液修復薬。妊婦・授乳婦に対する明らかな有害事象の報告はなく、通常用量であれば比較的安全に使用できる。

【ソウジュツ乾燥エキス】(妊娠: 未分類 / 授乳: 安全（L2相当）)
健胃・利尿作用をもつ生薬成分。セルベールなどの胃腸薬に配合される。通常のOTC用量であれば妊婦・授乳婦ともに安全。

【ソウジュツ乾燥エキス】(妊娠: 未分類 / 授乳: 安全（L2相当）)
健胃・利尿作用をもつ生薬成分。セルベールなどの胃腸薬に配合される。通常のOTC用量であれば妊婦・授乳婦ともに安全。

【コウボク乾燥エキス】(妊娠: 未分類 / 授乳: 安全（L2相当）)
健胃・鎮痙作用をもつ生薬成分。セルベールなどに配合される。通常のOTC用量であれば妊婦・授乳婦ともに安全。

【コウボク乾燥エキス】(妊娠: 未分類 / 授乳: 安全（L2相当）)
健胃・鎮痙作用をもつ生薬成分。セルベールなどに配合される。通常のOTC用量であれば妊婦・授乳婦ともに安全。

【リパーゼAP6】(妊娠: 未分類 / 授乳: 安全（L1相当）)
脂肪消化酵素。消化管内で食物の消化を助ける働きをし、体内に吸収されないため、妊婦・授乳婦ともに極めて安全性が高い。",【現場_代替薬提案】<br>妊娠中の胃不快感に対して、本剤に含まれるコウボクなどの生薬成分は子宮収縮作用等の懸念から避けるのが望ましい。より安全性の高い代替品として、中和性制酸薬であるメタケイ酸アルミン酸マグネシウム等を含有する製剤や、医師による処方が可能な乳酸菌整腸薬、または安全性が確立された胃粘膜保護薬スクラルファート等の単剤使用を提案する。また、運転を伴う患者で胃痛・胃もたれを訴える場合は、眠気を引き起こす抗コリン成分を含まない本剤が第一選択となり得る。,【現場_服薬指導エビデンス】<br>・<b>妊婦・授乳婦</b>：<br>・<b>テプレノン</b>：添付文書上、妊婦又は妊娠していると思われる女性には治療上の有益性が危険性を上回る場合にのみ投与することとされている。成育L分類やTGA分類等の明確な一次情報に基づく評価は未掲載のため、臨床判断は有益性治療に準ずる。<br>・<b>ソウジュツ</b>：妊婦に対する安全性は確立されておらず、大量服用は避けるべきである。<br>・<b>コウボク</b>：子宮収縮作用や運動抑制作用が動物実験で示唆されているため、妊娠中の多量摂取や長期服用は避ける。授乳婦についても安全性が確認されていないため服用は推奨されない。<br>・<b>リパーゼAP6</b>：消化酵素であり、妊婦・授乳婦への大きな危険性は報告されていないが、有益性が上回る場合のみの使用が望ましい。<br>・<b>運転・操作</b>：<br>・<b>全成分</b>：テプレノン、ソウジュツ、コウボク、リパーゼAP6のいずれにも抗コリン作用や中枢抑制作用による眠気を誘発する報告はなく、服用後の運転・危険を伴う機械操作に制限はない。<br>・<b>禁忌・受診勧奨</b>：<br>・<b>全成分共通</b>：本剤の成分に対し過敏症の既往歴がある患者には投与を避ける。また、2週間位服用しても症状が改善しない場合は服用を中止し、医師の診察を受けるよう指導する。特に、体重減少、吐血、黒色便、嚥下困難などのレッドフラッグを伴う胃症状は、重大な消化器疾患の可能性があるため速やかに受診勧奨を行うこと。<br>・<b>テプレノン</b>：肝機能障害、黄疸等の初期症状に注意し、発熱や全身倦怠感が現れた場合は直ちに服用を中止し受診する。<br>・<b>相互作用</b>：<br>・<b>テプレノン</b>：他剤との併用において重大な相互作用は報告されていない。<br>・<b>ソウジュツ・コウボク</b>：他の漢方薬や生薬製剤との併用において、成分重複による効果の増強や副作用リスクの上昇に注意する。<br>・<b>リパーゼAP6</b>：強酸性物質等の酵素活性を阻害する薬剤との併用により効果が減弱する可能性がある。<br>・<b>アルコール併用</b>：アルコール自体が胃粘膜に刺激を与えるため、本剤の服用期間中は飲酒を控えるよう指導する。<br>・<b>濫用・MOH</b>：<br>・<b>全成分共通</b>：依存性を有するアッパー・ダウナー系の成分は含まれておらず、薬剤乱用頭痛のリスクは極めて低い。しかし、胃症状の根本原因を特定しないまま漫然と長期服用を継続することは、重篤な疾患の発見を遅らせる恐れがあるため避ける。<br>・<b>ドーピング・毒性</b>：<br>・<b>全成分共通</b>：WADA基準の禁止物質リストに該当する成分は含まれていないため、競技者も安心して服用可能。<br>・<b>毒性基準</b>：【要確認】各成分の中毒量・致死量等の詳細な数値情報は、Poisindex等の一次資料を参照のこと。,"{""成分マトリックス"":[{""成分名"":""テプレノン"",""妊婦・授乳婦"":{""判定"":""〇"",""備考"":""(妊娠: 未分類 / 授乳: 安全（L2相当）) 胃粘液修復薬。妊婦・授乳婦に対する明らかな有害事象の報告はなく、通常用量であれば比較的安全に使用できる。""},""禁忌・受診勧奨"":{""判定"":""△"",""備考"":""肝機能障害、黄疸等の初期症状に注意し、発熱や全身倦怠感が現れた場合は直ちに服用を中止し受診する。""},""相互作用"":{""判定"":""ー"",""備考"":""他剤との併用において重大な相互作用は報告されていない。""}},{""成分名"":""ソウジュツ"",""妊婦・授乳婦"":{""判定"":""〇"",""備考"":""妊婦に対する安全性は確立されておらず、大量服用は避けるべきである。""}},{""成分名"":""コウボク"",""妊婦・授乳婦"":{""判定"":""〇"",""備考"":""子宮収縮作用や運動抑制作用が動物実験で示唆されているため、妊娠中の多量摂取や長期服用は避ける。授乳婦についても安全性が確認されていないため服用は推奨されない。""}},{""成分名"":""リパーゼAP6"",""妊婦・授乳婦"":{""判定"":""〇"",""備考"":""(妊娠: 未分類 / 授乳: 安全（L1相当）) 脂肪消化酵素。消化管内で食物の消化を助ける働きをし、体内に吸収されないため、妊婦・授乳婦ともに極めて安全性が高い。""},""相互作用"":{""判定"":""ー"",""備考"":""強酸性物質等の酵素活性を阻害する薬剤との併用により効果が減弱する可能性がある。""}},{""成分名"":""全成分"",""運転・操作"":{""判定"":""ー"",""備考"":""テプレノン、ソウジュツ、コウボク、リパーゼAP6のいずれにも抗コリン作用や中枢抑制作用による眠気を誘発する報告はなく、服用後の運転・危険を伴う機械操作に制限はない。""}},{""成分名"":""全成分共通"",""禁忌・受診勧奨"":{""判定"":""ー"",""備考"":""本剤の成分に対し過敏症の既往歴がある患者には投与を避ける。また、2週間位服用しても症状が改善しない場合は服用を中止し、医師の診察を受けるよう指導する。特に、体重減少、吐血、黒色便、嚥下困難などのレッドフラッグを伴う胃症状は、重大な消化器疾患の可能性があるため速やかに受診勧奨を行うこと。""},""濫用・MOH"":{""判定"":""△"",""備考"":""依存性を有するアッパー・ダウナー系の成分は含まれておらず、薬剤乱用頭痛のリスクは極めて低い。しかし、胃症状の根本原因を特定しないまま漫然と長期服用を継続することは、重篤な疾患の発見を遅らせる恐れがあるため避ける。""},""ドーピング・毒性"":{""判定"":""ー"",""備考"":""WADA基準の禁止物質リストに該当する成分は含まれていないため、競技者も安心して服用可能。""}},{""成分名"":""ソウジュツ・コウボク"",""相互作用"":{""判定"":""△"",""備考"":""他の漢方薬や生薬製剤との併用において、成分重複による効果の増強や副作用リスクの上昇に注意する。""}},{""成分名"":""アルコール併用"",""相互作用"":{""判定"":""ー"",""備考"":""アルコール自体が胃粘膜に刺激を与えるため、本剤の服用期間中は飲酒を控えるよう指導する。""}},{""成分名"":""毒性基準"",""ドーピング・毒性"":{""判定"":""ー"",""備考"":""【要確認】各成分の中毒量・致死量等の詳細な数値情報は、Poisindex等の一次資料を参照のこと。""}},{""成分名"":""ソウジュツ乾燥エキス/セネガ"",""妊婦・授乳婦"":{""判定"":""〇"",""備考"":""(妊娠: 未分類 / 授乳: 安全（L2相当）) 健胃・利尿作用をもつ生薬成分。セルベールなどの胃腸薬に配合される。通常のOTC用量であれば妊婦・授乳婦ともに安全。""}},{""成分名"":""コウボク乾燥エキス/セネガ"",""妊婦・授乳婦"":{""判定"":""〇"",""備考"":""(妊娠: 未分類 / 授乳: 安全（L2相当）) 健胃・鎮痙作用をもつ生薬成分。セルベールなどに配合される。通常のOTC用量であれば妊婦・授乳婦ともに安全。""}}]}"
2026/07/02 18:47:08,9,5才未満,妊婦、妊娠していると思われる人、または授乳中の人は服用前に医師、歯科医師、薬剤師又は登録販売者に相談すること。,-,"{""basis"":""9丸中"",""ingredients"":[{""name"":""木クレオソート"",""id"":""D03318"",""amount"":400,""unit"":""mg""},{""name"":""アセンヤク末"",""id"":""D06679"",""amount"":200,""unit"":""mg""},{""name"":""オウバク末"",""id"":""D06689"",""amount"":300,""unit"":""mg""},{""name"":""カンゾウ末"",""id"":""D04365"",""amount"":150,""unit"":""mg""},{""name"":""チンピ末"",""id"":""D06764"",""amount"":300,""unit"":""mg""}]}","{""adult_dose"":""3粒×3回"",""daily_dose"":9,""prohibited_age"":""5才未満""}","{""driving_warning"":"""",""pregnancy_warning"":""妊婦、妊娠していると思われる人、または授乳中の人は服用前に医師、歯科医師、薬剤師又は登録販売者に相談すること。"",""drug_category"":""止瀉薬"",""category_limit"":5,""packages"":[{""package_type"":""100丸"",""estimated_days"":11.1,""capacity_judgment"":""大容量""}]}",本剤は、主成分の日局木クレオソートをはじめ、アセンヤク末、オウバク末、カンゾウ末、チンピ末などの生薬が配合された、水分を含んだやわらかい黒褐色の丸剤です。胃腸の調子を整え、軟便、下痢、食あたり、水あたり、はき下し、消化不良による下痢などの症状に優れた効果を発揮します。また、むし歯の穴（歯窩）に直接つめることで、一時的にむし歯痛を和らげる効果も持ち合わせています。,正露丸,対象外,"木クレオソート：主な目的は、下痢・軟便、お腹の不快感の解消。作用機序は、腸の水分分泌抑制、蠕動運動の正常化
        PMDAの基準では、「直径6mm以上の丸剤や錠剤は、窒息や誤嚥の危険があるため5歳未満の乳幼児に服用させてはならない」と定められています。
        5歳未満の乳幼児を対象とした木クレオソートの安全性や適切な投与量に関する明確な臨床データが十分に存在しない
        5歳未満、特に乳幼児の下痢は、薬で無理に止めるよりも「脱水症状の防止（水分補給）」と「速やかな受診」が最優先されます
","【木クレオソート】(妊娠: 未分類 / 授乳: 相談・注意（L3相当）)
正露丸の主成分。強力な止瀉作用を持つ。妊婦・授乳婦への安全性は完全に確立されておらず、添付文書上も「相談すること」に指定されている。第一選択とはせず、他の整腸剤（ビフィズス菌等）を優先提案する。

【アセンヤク末】(妊娠: 未分類 / 授乳: 安全（L2相当）)
収斂（しゅうれん）・止瀉作用をもつ生薬成分。正露丸などに配合。通常の用量であれば妊婦・授乳婦ともに安全。

【オウバク末】(妊娠: 未分類 / 授乳: 安全（L2相当）)
苦味健胃・整腸作用をもつ生薬成分（ベルベリンを含有）。通常の用量であれば妊婦・授乳婦ともに安全。

【カンゾウ】(妊娠: 未分類 / 授乳: 安全（L2相当）)
多くの漢方薬に含まれる生薬。グリチルリチン酸を含有するため、過量・長期連用による偽アルドステロン症（血圧上昇、むくみ等）には注意が必要だが、短期の通常用量であれば母子ともに安全。

【チンピ末】(妊娠: 未分類 / 授乳: 安全（L1相当）)
温州みかんの果皮。健胃作用をもつ。食品由来であり、妊婦・授乳婦ともに極めて安全。",【現場_代替薬提案】<br>妊娠中・授乳中の方や、高血圧・腎臓病などの基礎疾患をお持ちでカンゾウによる偽アルドステロン症のリスクを避けたい患者には、生薬成分を含まない整腸薬『ビオフェルミン』などの乳酸菌製剤への代替を提案します。また、発熱や血便を伴う感染性の疑いがある下痢の場合は、下痢止め薬の服用を中止し、速やかに医療機関を受診するよう指導してください。,【現場_服薬指導エビデンス】<br>・<b>妊婦・授乳婦</b>：<br>  ・<b>木クレオソート</b>：成育L分類およびTGA分類の明確な評価は存在しません。妊婦への投与は治療上の有益性が危険性を上回る場合のみ検討し、漫然とした使用は避けてください。<br>  ・<b>アセンヤク末</b>：成育L分類およびTGA分類の評価情報はありません。妊娠中・授乳中の大量摂取は避けるべきです。<br>  ・<b>オウバク末</b>：成育L分類およびTGA分類の評価情報はありません。含有されるベルベリンには子宮収縮作用や、乳児における核黄疸のリスクが理論上指摘されているため、妊娠後期や授乳中の服用には十分な注意が必要です。<br>  ・<b>カンゾウ末</b>：成育L分類およびTGA分類の評価情報はありません。大量服用によりグリチルリチン酸の過剰摂取となり、胎児の早産リスクや発育への影響が懸念されるため、妊娠中の長期連用は避けてください。<br>  ・<b>チンピ末</b>：成育L分類およびTGA分類の評価情報はありません。通常の製剤量であれば危険性は低いと考えられますが、安全性データは不足しています。<br>・<b>運転・操作</b>：<br>  ・<b>全成分『木クレオソート、アセンヤク末、オウバク末、カンゾウ末、チンピ末』</b>：抗コリン作用や中枢抑制作用など眠気を引き起こす成分は含まれていないため、服用後の運転や機械操作に制限はありません。ただし、下痢に伴う脱水や腹痛による集中力低下には留意するよう指導してください。<br>・<b>禁忌・受診勧奨</b>：<br>  ・<b>共通『下痢の症状』</b>：発熱を伴う下痢、血便、または粘液便がある場合は、細菌性感染症の疑いがあり、止瀉薬の服用により病原体の排出を阻害する恐れがあるため禁忌とし、直ちに受診を勧奨します。<br>  ・<b>木クレオソート</b>：肝機能障害や腎機能障害のある患者では、代謝・排泄が遅延する可能性があるため慎重投与、または医師への相談を促します。<br>  ・<b>カンゾウ末</b>：偽アルドステロン症、ミオパチーの既往がある患者、低カリウム血症、高血圧、心臓病、腎臓病の診断を受けた患者は、症状悪化や副作用発現のリスクが高まるため、使用を避けるか医師に相談してください。<br>・<b>相互作用</b>：<br>  ・<b>木クレオソート</b>：他の止瀉薬との併用により、過度の便秘を誘発するリスクがあります。<br>  ・<b>カンゾウ末</b>：他のグリチルリチン含有製剤や、ループ利尿薬『フロセミドなど』、チアジド系利尿薬との併用により、低カリウム血症や偽アルドステロン症のリスクが著しく増強されるため、併用薬の有無を確認してください。<br>  ・<b>アセンヤク末、オウバク末、チンピ末</b>：重大な相互作用は報告されていませんが、アルコールとの併用は胃腸粘膜を刺激し、下痢の症状を悪化させる可能性があるため避けてください。<br>・<b>濫用・MOH</b>：<br>  ・<b>全成分『木クレオソート、アセンヤク末、オウバク末、カンゾウ末、チンピ末』</b>：アッパー・ダウナーに分類される依存性物質は含まれておらず、薬剤乱用頭痛『MOH』のリスクもありません。ただし、慢性的な下痢に対して漫然と長期連用することは、重大な器質的疾患の発見を遅らせる原因となるため、数日間使用しても改善しない場合は受診を勧奨してください。<br>・<b>ドーピング・毒性</b>：<br>  ・<b>全成分『木クレオソート、アセンヤク末、オウバク末、カンゾウ末、チンピ末』</b>：WADA『世界アンチ・ドーピング機構』の禁止物質リストに該当する成分は含まれておらず、競技者も使用可能です。<br>  ・<b>毒性数値</b>：本剤に含まれる各成分のヒトにおける半数中毒量『TD50』や致死量等の具体的な数値については、公的データベースにおける明確な出典が確認できないため記載を控えます。『【要確認】中毒量・致死量等の詳細はPoisindex等の一次資料を参照』,"{""成分マトリックス"":[{""成分名"":""木クレオソート"",""妊婦・授乳婦"":{""判定"":""〇"",""備考"":""(妊娠: 未分類 / 授乳: 相談・注意（L3相当）) 正露丸の主成分。強力な止瀉作用を持つ。妊婦・授乳婦への安全性は完全に確立されておらず、添付文書上も「相談すること」に指定されている。第一選択とはせず、他の整腸剤（ビフィズス菌等）を優先提案する。""},""禁忌・受診勧奨"":{""判定"":""△"",""備考"":""肝機能障害や腎機能障害のある患者では、代謝・排泄が遅延する可能性があるため慎重投与、または医師への相談を促します。""},""相互作用"":{""判定"":""△"",""備考"":""他の止瀉薬との併用により、過度の便秘を誘発するリスクがあります。""}},{""成分名"":""アセンヤク末"",""妊婦・授乳婦"":{""判定"":""〇"",""備考"":""(妊娠: 未分類 / 授乳: 安全（L2相当）) 収斂（しゅうれん）・止瀉作用をもつ生薬成分。正露丸などに配合。通常の用量であれば妊婦・授乳婦ともに安全。""}},{""成分名"":""オウバク末"",""妊婦・授乳婦"":{""判定"":""〇"",""備考"":""(妊娠: 未分類 / 授乳: 安全（L2相当）) 苦味健胃・整腸作用をもつ生薬成分（ベルベリンを含有）。通常の用量であれば妊婦・授乳婦ともに安全。""}},{""成分名"":""カンゾウ末"",""妊婦・授乳婦"":{""判定"":""〇"",""備考"":""成育L分類およびTGA分類の評価情報はありません。大量服用によりグリチルリチン酸の過剰摂取となり、胎児の早産リスクや発育への影響が懸念されるため、妊娠中の長期連用は避けてください。""},""禁忌・受診勧奨"":{""判定"":""△"",""備考"":""偽アルドステロン症、ミオパチーの既往がある患者、低カリウム血症、高血圧、心臓病、腎臓病の診断を受けた患者は、症状悪化や副作用発現のリスクが高まるため、使用を避けるか医師に相談してください。""},""相互作用"":{""判定"":""△"",""備考"":""他のグリチルリチン含有製剤や、ループ利尿薬『フロセミドなど』、チアジド系利尿薬との併用により、低カリウム血症や偽アルドステロン症のリスクが著しく増強されるため、併用薬の有無を確認してください。""}},{""成分名"":""チンピ末"",""妊婦・授乳婦"":{""判定"":""〇"",""備考"":""(妊娠: 未分類 / 授乳: 安全（L1相当）) 温州みかんの果皮。健胃作用をもつ。食品由来であり、妊婦・授乳婦ともに極めて安全。""}},{""成分名"":""全成分『木クレオソート、アセンヤク末、オウバク末、カンゾウ末、チンピ末』"",""運転・操作"":{""判定"":""〇"",""備考"":""抗コリン作用や中枢抑制作用など眠気を引き起こす成分は含まれていないため、服用後の運転や機械操作に制限はありません。ただし、下痢に伴う脱水や腹痛による集中力低下には留意するよう指導してください。""},""濫用・MOH"":{""判定"":""〇"",""備考"":""アッパー・ダウナーに分類される依存性物質は含まれておらず、薬剤乱用頭痛『MOH』のリスクもありません。ただし、慢性的な下痢に対して漫然と長期連用することは、重大な器質的疾患の発見を遅らせる原因となるため、数日間使用しても改善しない場合は受診を勧奨してください。""},""ドーピング・毒性"":{""判定"":""ー"",""備考"":""WADA『世界アンチ・ドーピング機構』の禁止物質リストに該当する成分は含まれておらず、競技者も使用可能です。""}},{""成分名"":""共通『下痢の症状』"",""禁忌・受診勧奨"":{""判定"":""✕"",""備考"":""発熱を伴う下痢、血便、または粘液便がある場合は、細菌性感染症の疑いがあり、止瀉薬の服用により病原体の排出を阻害する恐れがあるため禁忌とし、直ちに受診を勧奨します。""}},{""成分名"":""アセンヤク末、オウバク末、チンピ末"",""相互作用"":{""判定"":""✕"",""備考"":""重大な相互作用は報告されていませんが、アルコールとの併用は胃腸粘膜を刺激し、下痢の症状を悪化させる可能性があるため避けてください。""}},{""成分名"":""毒性数値"",""ドーピング・毒性"":{""判定"":""ー"",""備考"":""本剤に含まれる各成分のヒトにおける半数中毒量『TD50』や致死量等の具体的な数値については、公的データベースにおける明確な出典が確認できないため記載を控えます。『【要確認】中毒量・致死量等の詳細はPoisindex等の一次資料を参照』""}},{""成分名"":""カンゾウ"",""妊婦・授乳婦"":{""判定"":""〇"",""備考"":""(妊娠: 未分類 / 授乳: 安全（L2相当）) 多くの漢方薬に含まれる生薬。グリチルリチン酸を含有するため、過量・長期連用による偽アルドステロン症（血圧上昇、むくみ等）には注意が必要だが、短期の通常用量であれば母子ともに安全。""}}]}"
2026/07/02 18:57:57,3,15歳未満,妊婦又は妊娠していると思われる人は、服用前に医師、歯科医師、薬剤師又は登録販売者に相談すること,-,"{""basis"":""1錠中"",""ingredients"":[{""name"":""アセトアミノフェン"",""id"":""D00217"",""amount"":300,""unit"":""mg""}]}","{""adult_dose"":""1回1錠、1日3回まで（服用間隔は4時間以上おいてください）"",""daily_dose"":3,""prohibited_age"":""15歳未満""}","{""driving_warning"":"""",""pregnancy_warning"":""妊婦又は妊娠していると思われる人は、服用前に医師、歯科医師、薬剤師又は登録販売者に相談すること"",""drug_category"":""解熱鎮痛薬"",""category_limit"":7,""packages"":[{""package_type"":""10錠"",""estimated_days"":3.3,""capacity_judgment"":""小容量""},{""package_type"":""20錠"",""estimated_days"":6.7,""capacity_judgment"":""小容量""},{""package_type"":""30錠"",""estimated_days"":10,""capacity_judgment"":""大容量""}]}",有効成分アセトアミノフェンが主に脳の体温調節中枢や痛みを伝える物質に作用し、熱を下げ、頭痛や生理痛などの痛みを和らげます。胃酸から胃壁を守るプロスタグランジンにほとんど影響を与えないため、空腹時にも服用できる胃にやさしい設計です。ただし、かぜによる悪寒・発熱時にはなるべく空腹時を避けて服用してください。,タイレノールA,対象外,"タイレノール：米J&J製。1955年アメリカで誕生、2000年 に日本で市販化。化学名「N-acetyl-p-aminophenol」から一部抜いて命名
                　　　　市販の「タイレノール小児用」は日本に存在しない（15才以上のタイレノールAのみ）。
        カロナール：国内医療用発祥。1970年代〜。「軽くなる」由来。日本では2024年 に市販化
        　　　　　　2025年に「5才以上から飲めるジュニア用（小粒・低用量）」や「微粒（粉薬）タイプ」がラインナップに登場","【アセトアミノフェン】(妊娠: A / 授乳: 安全（L1相当）)
妊娠全期間・授乳中を通じて第一選択となる解熱鎮痛成分。通常のOTC用量であれば母子ともに安全性が極めて高い。",【現場_代替薬提案】<br>タイレノールAはアセトアミノフェン単一製剤であり、胃障害が少なく眠くなる成分を含まないため、妊婦や授乳婦、運転をする方、インフルエンザなどの発熱時の第一選択として推奨されます。より強力な鎮痛効果を希望し、胃障害リスクや妊娠・基礎疾患等の禁忌がない患者に対しては、ロキソプロフェンナトリウム水和物［ロキソニンSなど］やイブプロフェン［イブA錠など］への代替を提案します。,【現場_服薬指導エビデンス】<br>・<b>妊婦・授乳婦</b>：<br> ・<b>アセトアミノフェン</b>：国立成育医療研究センターの基準においてL1『もっとも安全に授乳中服用できる薬剤』に位置づけられています。オーストラリアTGA分類でもカテゴリーAに分類されており、妊娠期の解熱鎮痛の第一選択薬です。ただし、妊娠後期の使用については胎児動脈管収縮のリスクを考慮し、必要最小限の期間および用量にとどめ、医師に相談するよう指導します。<br>・<b>運転・操作</b>：<br> ・<b>アセトアミノフェン</b>：眠気を催す成分や抗コリン作用のある成分は含まれていないため、服用後の自動車の運転や機械の操作に制限はありません。アセトアミノフェンの半減期は約2時間から3時間です。<br>・<b>禁忌・受診勧奨</b>：<br> ・<b>アセトアミノフェン</b>：重篤な肝障害のある患者には禁忌です。また、消化性潰瘍、血液の異常、腎障害、心臓機能低下、高血圧、気管支喘息［アスピリン喘息など］の既往がある患者には慎重な投与が必要であり、症状によっては受診を勧奨します。特にアスピリン喘息患者では、高用量投与時に喘息誘発のリスクがあるため注意を要します。<br>・<b>相互作用</b>：<br> ・<b>アセトアミノフェン</b>：アルコールとの併用により、肝毒性が増強されるリスクがあるため服用中の飲酒は避けるよう指導します。炭酸リチウムや抗凝固剤［ワルファリンなど］との相互作用、および他のかぜ薬や解熱鎮痛薬との重複服用によるアセトアミノフェンの過量投与［1日総量4000mg超］に注意が必要です。<br>・<b>濫用・MOH</b>：<br> ・<b>アセトアミノフェン</b>：アッパーやダウナー等の濫用懸念物質には該当しません。しかし、頭痛の予防目的などで連用を続けた場合、薬剤乱用頭痛［MOH］を誘発するリスクがあります。月に10日以上の使用は避け、連用する場合は専門医の受診を推奨します。<br>・<b>ドーピング・毒性</b>：<br> ・<b>アセトアミノフェン</b>：WADA［世界アンチ・ドーピング機構］の禁止物質リストには該当せず、競技での使用制限はありません。過量投与時には重篤な肝細胞壊死を引き起こすリスクがあります。急性中毒量や致死量等の詳細な薬学・毒性学的数値については、Poisindex等の一次資料を参照してください。,"{""成分マトリックス"":[{""成分名"":""アセトアミノフェン"",""妊婦・授乳婦"":{""判定"":""〇"",""備考"":""(妊娠: A / 授乳: 安全（L1相当）) 妊娠全期間・授乳中を通じて第一選択となる解熱鎮痛成分。通常のOTC用量であれば母子ともに安全性が極めて高い。""},""運転・操作"":{""判定"":""〇"",""備考"":""眠気を催す成分や抗コリン作用のある成分は含まれていないため、服用後の自動車の運転や機械の操作に制限はありません。アセトアミノフェンの半減期は約2時間から3時間です。""},""禁忌・受診勧奨"":{""判定"":""✕"",""備考"":""重篤な肝障害のある患者には禁忌です。また、消化性潰瘍、血液の異常、腎障害、心臓機能低下、高血圧、気管支喘息［アスピリン喘息など］の既往がある患者には慎重な投与が必要であり、症状によっては受診を勧奨します。特にアスピリン喘息患者では、高用量投与時に喘息誘発のリスクがあるため注意を要します。""},""相互作用"":{""判定"":""△"",""備考"":""アルコールとの併用により、肝毒性が増強されるリスクがあるため服用中の飲酒は避けるよう指導します。炭酸リチウムや抗凝固剤［ワルファリンなど］との相互作用、および他のかぜ薬や解熱鎮痛薬との重複服用によるアセトアミノフェンの過量投与［1日総量4000mg超］に注意が必要です。""},""濫用・MOH"":{""判定"":""△"",""備考"":""アッパーやダウナー等の濫用懸念物質には該当しません。しかし、頭痛の予防目的などで連用を続けた場合、薬剤乱用頭痛［MOH］を誘発するリスクがあります。月に10日以上の使用は避け、連用する場合は専門医の受診を推奨します。""},""ドーピング・毒性"":{""判定"":""〇"",""備考"":""WADA［世界アンチ・ドーピング機構］の禁止物質リストには該当せず、競技での使用制限はありません。過量投与時には重篤な肝細胞壊死を引き起こすリスクがあります。急性中毒量や致死量等の詳細な薬学・毒性学的数値については、Poisindex等の一次資料を参照してください。""}}]}"
2026/07/02 19:51:50,2,15才未満の小児,授乳中の人は本剤を服用しないか、本剤を服用する場合は授乳を避けること。妊婦又は妊娠していると思われる人は相談すること。,-,"{""basis"":""2錠中"",""ingredients"":[{""name"":""ベポタスチンベシル酸塩"",""id"":""D01654"",""amount"":20,""unit"":""mg""}]}","{""adult_dose"":""1回1錠を1日2回"",""daily_dose"":2,""prohibited_age"":""15才未満の小児""}","{""driving_warning"":""運転禁止"",""pregnancy_warning"":""授乳中の人は本剤を服用しないか、本剤を服用する場合は授乳を避けること。妊婦又は妊娠していると思われる人は相談すること。"",""drug_category"":""鼻炎用内服薬"",""category_limit"":7,""packages"":[{""package_type"":""10錠"",""estimated_days"":5,""capacity_judgment"":""小容量""},{""package_type"":""30錠"",""estimated_days"":15,""capacity_judgment"":""大容量""},{""package_type"":""60錠"",""estimated_days"":30,""capacity_judgment"":""大容量""}]}",抗ヒスタミン作用と抗炎症作用を併せ持ち、くしゃみ、鼻みず、鼻づまりに効果を発揮します。眠くなりにくく、口がかわきにくい、日常生活への影響が少ない第2世代抗ヒスタミン薬です。朝夕1回1錠の服用で1日中効果が持続し、空腹時にも服用可能です。花粉やハウスダストなどによる鼻のアレルギー症状を緩和します。,タリオンAR,対象外,"タリオンAR：Allergic Rhinitisアレルギー性鼻炎の頭文字に由来。鼻炎（AR）専用の市販薬という意味
        現状､市販薬では「皮膚の適応」が外されている。（受診遅延の防止､慢性掻痒には第2世代抗ヒスタミン薬単剤による効果に疑問符）","【ベポタスチンベシル酸塩】(妊娠: B2 / 授乳: 安全（L2相当）)
第2世代抗ヒスタミン薬。母乳移行性は低く実臨床では比較的安全に使用可能。ただし市販薬（タリオンAR等）の添付文書では防衛的に「授乳回避」となっているため、患者への説明ギャップに注意して指導する。",【現場_代替薬提案】<br>タリオンARの有効成分であるベポタスチンベシル酸塩は眠気を生じやすいため、服用後の運転操作が禁止されています。日常的に運転を行う患者に対しては、運転制限のないアレグラFX『成分名：フェキソフェナジン塩酸塩』やクラリチンEX『成分名：ロラタジン』などの第二世代抗ヒスタミン薬への変更を提案します。また、妊娠中や授乳中の女性に対しては、医師の診察を優先して勧めるか、安全性の確立された第一選択薬の検討を提案します。,【現場_服薬指導エビデンス】<br>・<b>妊婦・授乳婦</b>：<br>  ・<b>ベポタスチンベシル酸塩</b>：妊婦又は妊娠している可能性のある女性には治療上の有益性が危険性を上回ると判断される場合にのみ投与を検討すること。授乳中の女性は本剤の服用を避けることが望ましいが、やむを得ず服用する場合は授乳を避けること。動物実験『ラット』において乳汁中への移行が報告されている。成育L分類やオーストラリアTGA分類などの評価情報は本データベース内に明記されていないため、最新の一次資料等を参照すること。<br>・<b>運転・操作</b>：<br>  ・<b>ベポタスチンベシル酸塩</b>：服用後は自動車の運転等危険を伴う機械の操作に従事させないよう指導すること。眠気を催すことがある。消失半減期は約2.4時間である。<br>・<b>禁忌・受診勧奨</b>：<br>  ・<b>ベポタスチンベシル酸塩</b>：本剤の成分に対し過敏症の既往歴のある患者には禁忌。腎機能障害のある患者では、本剤の排泄が遅延し血中濃度が上昇するおそれがあるため、慎重な投与または医師への受診勧奨を行うこと。<br>・<b>相互作用</b>：<br>  ・<b>ベポタスチンベシル酸塩</b>：他の抗ヒスタミン薬や中枢神経抑制剤、アルコールとの併用により、中枢神経抑制作用が増強され、過度の眠気や倦怠感が生じるリスクがあるため併用時は注意が必要である。<br>・<b>濫用・MOH</b>：<br>  ・<b>ベポタスチンベシル酸塩</b>：中枢神経抑制作用を有するダウナー系に位置づけられるが、依存性や濫用の懸念は極めて低い。薬剤乱用頭痛『MOH』を引き起こすリスクは通常想定されない。<br>・<b>ドーピング・毒性</b>：<br>  ・<b>ベポタスチンベシル酸塩</b>：世界反ドーピング機関『WADA』の禁止物質リストには該当せず、ドーピングにおける使用制限はない。『要確認』中毒量や致死量等の詳細な数値についてはPoisindex等の一次資料を参照すること。,"{""成分マトリックス"":[{""成分名"":""ベポタスチンベシル酸塩"",""妊婦・授乳婦"":{""判定"":""〇"",""備考"":""(妊娠: B2 / 授乳: 安全（L2相当）) 第2世代抗ヒスタミン薬。母乳移行性は低く実臨床では比較的安全に使用可能。ただし市販薬（タリオンAR等）の添付文書では防衛的に「授乳回避」となっているため、患者への説明ギャップに注意して指導する。""},""運転・操作"":{""判定"":""ー"",""備考"":""服用後は自動車の運転等危険を伴う機械の操作に従事させないよう指導すること。眠気を催すことがある。消失半減期は約2.4時間である。""},""禁忌・受診勧奨"":{""判定"":""✕"",""備考"":""本剤の成分に対し過敏症の既往歴のある患者には禁忌。腎機能障害のある患者では、本剤の排泄が遅延し血中濃度が上昇するおそれがあるため、慎重な投与または医師への受診勧奨を行うこと。""},""相互作用"":{""判定"":""△"",""備考"":""他の抗ヒスタミン薬や中枢神経抑制剤、アルコールとの併用により、中枢神経抑制作用が増強され、過度の眠気や倦怠感が生じるリスクがあるため併用時は注意が必要である。""},""濫用・MOH"":{""判定"":""△"",""備考"":""中枢神経抑制作用を有するダウナー系に位置づけられるが、依存性や濫用の懸念は極めて低い。薬剤乱用頭痛『MOH』を引き起こすリスクは通常想定されない。""},""ドーピング・毒性"":{""判定"":""ー"",""備考"":""世界反ドーピング機関『WADA』の禁止物質リストには該当せず、ドーピングにおける使用制限はない。『要確認』中毒量や致死量等の詳細な数値についてはPoisindex等の一次資料を参照すること。""}}]}"
2026/07/02 19:59:29,2,11才未満,妊婦又は妊娠していると思われる人は服用前に医師、薬剤師又は登録販売者に相談すること,-,"{""basis"":""1錠中"",""ingredients"":[{""name"":""ジフェニドール塩酸塩"",""id"":""D01318"",""amount"":16.6,""unit"":""mg""},{""name"":""スコポラミン臭化水素酸塩水和物"",""id"":""D02071"",""amount"":0.16,""unit"":""mg""},{""name"":""無水カフェイン"",""id"":""D00528"",""amount"":30,""unit"":""mg""},{""name"":""ピリドキシン塩酸塩"",""id"":""D02179"",""amount"":5,""unit"":""mg""}]}","{""adult_dose"":""1回1錠、1日2回まで（服用間隔は4時間以上）"",""daily_dose"":2,""prohibited_age"":""11才未満""}","{""driving_warning"":""運転禁止"",""pregnancy_warning"":""妊婦又は妊娠していると思われる人は服用前に医師、薬剤師又は登録販売者に相談すること"",""drug_category"":""鎮うん薬（乗物酔防止薬，つわり用薬を含む）"",""category_limit"":5,""packages"":[{""package_type"":""6錠"",""estimated_days"":3,""capacity_judgment"":""小容量""}]}",トラベルミンRは、乗物酔いによるめまい・吐き気・頭痛の予防及び緩和に効果的な乗りもの酔い薬です。眠気が比較的少なく、酔ってからでも効く成分を配合しているため、バスや電車などで移動する間も快適に旅行を楽しめます。11才以上のお子様から大人の方まで服用可能で、乗車船30分前に服用することで効果を発揮します。,トラベルミンR,＊対象外,"""トラベルミンR：「眠くなりにくい（Reduce somnolence）」or「リフレッシュ（Refresh）」に由来とされる。
        Rはジフェニドールが主役で、制限対象のジフェンヒドラミンが含まれない。「旅行を楽しめるように」との意図も｡ただし､11才未満は服用不可
        ＊市販無印トラベルミン錠(医療用と同成分)はジフェンヒドラミン含むため、販売制限対象。（15才から服用可）
        　　参考:トラベルミン・ジュニア：成分量を大人の半分にカットし、5才〜14才専用として販売
　　　　　　ﾄﾗﾍﾞﾙﾐﾝ「1」は問題なし(メクリジン ＋ スコポラミン｡15歳から)｡『ファミリー』は、『1』の成分量を半分にした同一レシピ製品､5歳から。","【ジフェニドール塩酸塩】(妊娠: B2相当 / 授乳: 相談・注意（L3相当）)
めまい・乗り物酔い薬成分。妊婦・授乳婦ともに短期・単回（旅行時の頓服など）であれば比較的安全だが、長期連用は避ける。

【スコポラミン臭化水素酸塩水和物】(妊娠: B2 / 授乳: 相談・注意（L3相当）)
乗り物酔い薬（トラベルミン等）に含まれる。抗コリン作用により母乳分泌を抑制する恐れがあるため、授乳中の連用は避ける。単回使用なら許容される。

【無水カフェイン】(妊娠: A相当 / 授乳: 安全（L2相当）)
通常のOTC含有量（1回50mg程度）であれば妊婦・授乳婦ともに影響は少なく安全。ただし、コーヒー等からの過剰摂取（1日200〜300mg以上）には注意を促す。

【ピリドキシン塩酸塩】(妊娠: A / 授乳: 安全（L1相当）)
ビタミンB6。つわりの軽減目的で産婦人科でも処方される成分であり、妊婦・授乳婦ともに極めて安全性が高い。",【現場_代替薬提案】<br>乗り物酔い予防を希望する妊婦に対しては、ジフェニドールやスコポラミンといった抗コリン作用薬を含む本剤の服用は推奨されません。代替案として、非薬物療法である医療用指圧バンド［内関のツボを刺激するもの］の利用や、比較的安全に使用できるビタミンB6単剤などの使用を提案し、症状が強い場合は産婦人科医への相談を促します。また、運転操作を行う予定のある患者に対しても、抗コリン成分による眠気や視覚障害を伴うため本剤の服用は不可となります。代替として、同様に非薬物療法の活用を提案します。,【現場_服薬指導エビデンス】<br>・<b>妊婦・授乳婦</b>：<br>  ・<b>ジフェニドール塩酸塩</b>：妊婦又は妊娠している可能性のある女性には、治療上の有益性が危険性を上回ると判断される場合のみ使用を検討します。授乳婦については、授乳を避けることが望ましいです。成育L分類やTGA分類等の明確な国内基準データはナレッジにないため、最新の一次情報をご確認ください。<br>  ・<b>スコポラミン臭化水素酸塩水和物</b>：胎盤通過性及び乳汁移行性が報告されています。妊婦には有益性投与とし、授乳婦は服用を避けるか、服用後一定時間は授乳を避ける指導を行います。<br>  ・<b>無水カフェイン</b>：過剰摂取により胎児の発育に影響を及ぼす可能性や、乳汁移行による乳児の興奮・不眠のリスクがあるため、妊婦・授乳婦は多量摂取を避けます。<br>  ・<b>ピリドキシン塩酸塩</b>：ビタミンB6として妊娠悪阻の改善等にも使用されますが、本製剤としては他の成分が含まれるため妊婦の安易な服用は避けます。<br>・<b>運転・操作</b>：<br>  ・<b>ジフェニドール塩酸塩</b>：服用後に眠気やめまい、目のかすみ等が生じることがあるため、乗物や機械類の運転操作は避けるよう指導します。半減期は約4時間です。<br>  ・<b>スコポラミン臭化水素酸塩水和物</b>：優れた抗コリン作用により、散瞳や調節障害、眠気を引き起こすため、運転操作は厳禁です。半減期は約1から3時間です。<br>  ・<b>無水カフェイン</b>：中枢興奮作用がありますが、製剤全体としての抑制作用を覆すものではないため、運転不可の判断は変わりません。<br>  ・<b>ピリドキシン塩酸塩</b>：成分単体での運転制限はありませんが、配合剤全体として運転操作は不可です。<br>・<b>禁忌・受診勧奨</b>：<br>  ・<b>ジフェニドール塩酸塩</b>：緑内障や前立腺肥大による排尿障害がある患者は、抗コリン作用により症状が悪化する恐れがあるため慎重投与、または受診勧奨とします。<br>  ・<b>スコポラミン臭化水素酸塩水和物</b>：閉塞隅角緑内障や前立腺肥大による排尿困難のある患者には、抗コリン作用による眼圧上昇や尿閉の危険があるため、服用を避け受診を促します。<br>  ・<b>無水カフェイン</b>：胃潰瘍のある患者は、胃酸分泌促進作用により症状が悪化する恐れがあるため、慎重な対応が必要です。<br>  ・<b>ピリドキシン塩酸塩</b>：本成分に対する過敏症の既往がある場合は使用できません。<br>・<b>相互作用</b>：<br>  ・<b>ジフェニドール塩酸塩</b>：抗コリン薬やフェノチアジン系化合物、MAO阻害薬等との併用により、抗コリン作用が強化されます。アルコールとの併用は中枢抑制を増強します。<br>  ・<b>スコポラミン臭化水素酸塩水和物</b>：三環系抗うつ薬や抗ヒスタミン薬、他の抗コリン薬との併用で作用が増強されます。アルコール併用も避けます。<br>  ・<b>無水カフェイン</b>：他のカフェイン含有製剤やキノロン系抗菌薬等との併用で、カフェインの作用が強く現れることがあります。<br>  ・<b>ピリドキシン塩酸塩</b>：パーキンソン病治療薬であるレボドパの作用を減弱させる相互作用があるため、併用に注意します。<br>・<b>濫用・MOH</b>：<br>  ・<b>ジフェニドール塩酸塩</b>：中枢作用による幻覚等の報告があるため、過量服用は避けます。<br>  ・<b>スコポラミン臭化水素酸塩水和物</b>：抗コリン作用による幻覚や多幸感を目的とした不適切使用に留意します。<br>  ・<b>無水カフェイン</b>：アッパー系の作用を持ち、常用による精神的依存や、離脱時の頭痛、さらに連用による薬剤乱用頭痛［MOH］のリスクがあります。<br>  ・<b>ピリドキシン塩酸塩</b>：濫用リスクや薬剤乱用頭痛リスクは極めて低いです。<br>・<b>ドーピング・毒性</b>：<br>  ・<b>全成分共通</b>：WADA［世界アンチ・ドーピング機構］の禁止物質には該当しませんが、無水カフェインは監視プログラム対象です。致死量や半数中毒量［TD50］等の詳細な薬学・毒性学的数値については、明確な出典を示すため『【要確認】中毒量・致死量等の詳細はPoisindex等の一次資料を参照』として、自己判断での数値記載を避けてください。,"{""成分マトリックス"":[{""成分名"":""ジフェニドール塩酸塩"",""妊婦・授乳婦"":{""判定"":""〇"",""備考"":""(妊娠: B2相当 / 授乳: 相談・注意（L3相当）) めまい・乗り物酔い薬成分。妊婦・授乳婦ともに短期・単回（旅行時の頓服など）であれば比較的安全だが、長期連用は避ける。""},""運転・操作"":{""判定"":""ー"",""備考"":""服用後に眠気やめまい、目のかすみ等が生じることがあるため、乗物や機械類の運転操作は避けるよう指導します。半減期は約4時間です。""},""禁忌・受診勧奨"":{""判定"":""△"",""備考"":""緑内障や前立腺肥大による排尿障害がある患者は、抗コリン作用により症状が悪化する恐れがあるため慎重投与、または受診勧奨とします。""},""相互作用"":{""判定"":""ー"",""備考"":""抗コリン薬やフェノチアジン系化合物、MAO阻害薬等との併用により、抗コリン作用が強化されます。アルコールとの併用は中枢抑制を増強します。""},""濫用・MOH"":{""判定"":""ー"",""備考"":""中枢作用による幻覚等の報告があるため、過量服用は避けます。""}},{""成分名"":""スコポラミン臭化水素酸塩水和物"",""妊婦・授乳婦"":{""判定"":""△"",""備考"":""(妊娠: B2 / 授乳: 相談・注意（L3相当）) 乗り物酔い薬（トラベルミン等）に含まれる。抗コリン作用により母乳分泌を抑制する恐れがあるため、授乳中の連用は避ける。単回使用なら許容される。""},""運転・操作"":{""判定"":""ー"",""備考"":""優れた抗コリン作用により、散瞳や調節障害、眠気を引き起こすため、運転操作は厳禁です。半減期は約1から3時間です。""},""禁忌・受診勧奨"":{""判定"":""ー"",""備考"":""閉塞隅角緑内障や前立腺肥大による排尿困難のある患者には、抗コリン作用による眼圧上昇や尿閉の危険があるため、服用を避け受診を促します。""},""相互作用"":{""判定"":""ー"",""備考"":""三環系抗うつ薬や抗ヒスタミン薬、他の抗コリン薬との併用で作用が増強されます。アルコール併用も避けます。""},""濫用・MOH"":{""判定"":""ー"",""備考"":""抗コリン作用による幻覚や多幸感を目的とした不適切使用に留意します。""}},{""成分名"":""無水カフェイン"",""妊婦・授乳婦"":{""判定"":""〇"",""備考"":""(妊娠: A相当 / 授乳: 安全（L2相当）) 通常のOTC含有量（1回50mg程度）であれば妊婦・授乳婦ともに影響は少なく安全。ただし、コーヒー等からの過剰摂取（1日200〜300mg以上）には注意を促す。""},""運転・操作"":{""判定"":""✕"",""備考"":""中枢興奮作用がありますが、製剤全体としての抑制作用を覆すものではないため、運転不可の判断は変わりません。""},""禁忌・受診勧奨"":{""判定"":""△"",""備考"":""胃潰瘍のある患者は、胃酸分泌促進作用により症状が悪化する恐れがあるため、慎重な対応が必要です。""},""相互作用"":{""判定"":""ー"",""備考"":""他のカフェイン含有製剤やキノロン系抗菌薬等との併用で、カフェインの作用が強く現れることがあります。""},""濫用・MOH"":{""判定"":""△"",""備考"":""アッパー系の作用を持ち、常用による精神的依存や、離脱時の頭痛、さらに連用による薬剤乱用頭痛［MOH］のリスクがあります。""}},{""成分名"":""ピリドキシン塩酸塩"",""妊婦・授乳婦"":{""判定"":""〇"",""備考"":""(妊娠: A / 授乳: 安全（L1相当）) ビタミンB6。つわりの軽減目的で産婦人科でも処方される成分であり、妊婦・授乳婦ともに極めて安全性が高い。""},""運転・操作"":{""判定"":""〇"",""備考"":""成分単体での運転制限はありませんが、配合剤全体として運転操作は不可です。""},""禁忌・受診勧奨"":{""判定"":""✕"",""備考"":""本成分に対する過敏症の既往がある場合は使用できません。""},""相互作用"":{""判定"":""△"",""備考"":""パーキンソン病治療薬であるレボドパの作用を減弱させる相互作用があるため、併用に注意します。""},""濫用・MOH"":{""判定"":""△"",""備考"":""濫用リスクや薬剤乱用頭痛リスクは極めて低いです。""}},{""成分名"":""全成分共通"",""ドーピング・毒性"":{""判定"":""✕"",""備考"":""WADA［世界アンチ・ドーピング機構］の禁止物質には該当しませんが、無水カフェインは監視プログラム対象です。致死量や半数中毒量［TD50］等の詳細な薬学・毒性学的数値については、明確な出典を示すため『【要確認】中毒量・致死量等の詳細はPoisindex等の一次資料を参照』として、自己判断での数値記載を避けてください。""}}]}"
2026/07/02 21:11:01,6,15才未満の小児,出産予定日12週以内の妊婦は服用しないこと。妊婦又は妊娠していると思われる人、授乳中の人は服用前に医師、歯科医師、薬剤師又は登録販売者に相談すること。,-,"{""basis"":""2錠中"",""ingredients"":[{""name"":""イブプロフェン"",""id"":""D00126"",""amount"":160,""unit"":""mg""},{""name"":""アセトアミノフェン"",""id"":""D00217"",""amount"":160,""unit"":""mg""},{""name"":""無水カフェイン"",""id"":""D00528"",""amount"":50,""unit"":""mg""},{""name"":""乾燥水酸化アルミニウムゲル"",""id"":""D02416"",""amount"":70,""unit"":""mg""}]}","{""adult_dose"":""1回2錠、1日2回まで（ただし、再度症状があらわれた場合には3回目を服用できます）"",""daily_dose"":6,""prohibited_age"":""15才未満の小児""}","{""driving_warning"":""眠気注意"",""pregnancy_warning"":""出産予定日12週以内の妊婦は服用しないこと。妊婦又は妊娠していると思われる人、授乳中の人は服用前に医師、歯科医師、薬剤師又は登録販売者に相談すること。"",""drug_category"":""解熱鎮痛薬"",""category_limit"":7,""packages"":[{""package_type"":""20錠"",""estimated_days"":3.3,""capacity_judgment"":""小容量""},{""package_type"":""40錠"",""estimated_days"":6.7,""capacity_judgment"":""小容量""},{""package_type"":""60錠"",""estimated_days"":10,""capacity_judgment"":""大容量""}]}",つらい頭痛に速効かつ高い鎮痛効果を発揮する解熱鎮痛薬です。有効成分としてイブプロフェンとアセトアミノフェンをダブル配合しており、頭痛、肩こり痛、生理痛、関節痛、腰痛などの様々な痛みに対して優れた鎮痛効果を示すほか、悪寒や発熱時の解熱にも効果を発揮します。また、胃粘膜保護成分として乾燥水酸化アルミニウムゲルも配合されています。,バファリンプレミアムDX,対象外,"""バファリンシリーズはすべて対象外
　　バファリンプレミアムDX ：改名前。シリーズ最速・最強(ﾌﾟﾚﾐｱﾑより鎮痛成分を約20％増)、眠くならない
       　 バファリンプレミアムDXクイック＋：改名後。『バファリンプレミアムDX』は2025年よりこの名称に順次リニューアル（2025年7月､JANも同一）
        　　　「プレミアム ＝ 鎮痛成分 ＋ 眠気成分」（アリルイソプロピルアセチル尿素:鎮静強いが､指定濫用防止はなし｡運転は不可）
        　　　「プレミアムDX ＝ 鎮痛成分(2種)20%増量(市販最大量) - 眠気成分」（引き算｡運転可）
        バファリンライト：胃に一番優しい、マイルドな効き目（「大人の胃に優しいライト」。 バファリンAに比べ、アスピリンの量が少なめ｡15歳未満不可）
        バファリンルナJ：小中高校生用（Junior_7〜15才未満）、水なしで飲めるチュアブル。ルナ（Luna）：ローマ神話「月の女神」主に女性の悩みに寄り添うシリーズ。（アスピリン・イブプロフェン不使用、子どもにも安全な「アセトアミノフェン」）
        バファリンルナi：15才以上。生理痛・頭痛向け、眠くならない、小粒。「i」：痛みをブロックする主成分Ibuprofenの頭文字”","【⚠️レッドフラッグあり：現場確認必須】

【イブプロフェン】(妊娠: C / D (妊娠後期) / 授乳: 安全（L1相当）)
授乳中は母乳移行が極めて少なく安全（L1）。妊娠初期〜中期は有益性投与（C）だが、妊娠後期（28週以降）は動脈管収縮リスクのため禁忌（D）。

【アセトアミノフェン】(妊娠: A / 授乳: 安全（L1相当）)
妊娠全期間・授乳中を通じて第一選択となる解熱鎮痛成分。通常のOTC用量であれば母子ともに安全性が極めて高い。

【無水カフェイン】(妊娠: A相当 / 授乳: 安全（L2相当）)
通常のOTC含有量（1回50mg程度）であれば妊婦・授乳婦ともに影響は少なく安全。ただし、コーヒー等からの過剰摂取（1日200〜300mg以上）には注意を促す。

【乾燥水酸化アルミニウムゲル】(妊娠: A / 授乳: 安全（L1相当）)
制酸薬・胃粘膜保護薬。消化管から血中へほとんど吸収されないため、胎児や乳児への影響はなく極めて安全に推奨できる。",【現場_代替薬提案】<br>本剤には妊娠後期に禁忌となるイブプロフェンや、透析患者に禁忌となる乾燥水酸化アルミニウムゲルが含まれています。妊婦『特に妊娠後期』や授乳婦、胃腸障害のある方、透析患者には、より安全性の高い「アセトアミノフェン単剤」『例：タイレノールAなど』への変更を推奨します。また、眠気を避けたい運転者に対しては、本剤は眠くなる鎮静成分を含まないためそのまま使用可能ですが、体調不良時の運転自体は控えるよう指導してください。,【現場_服薬指導エビデンス】<br>・<b>妊婦・授乳婦</b>：<br>  ・<b>イブプロフェン</b>：出産予定日12週以内の妊婦は胎児動脈管収縮等のリスクがあるため禁忌です。授乳期については母乳移行が極めて低く、国立成育医療研究センターの基準において「安全に使用できる薬」『L2相当』とされています。<br>  ・<b>アセトアミノフェン</b>：妊娠全期を通じて医師の指示のもと使用可能であり、妊娠中の第一選択薬とされています。授乳期においても安全に使用できる薬『L1相当』と評価されています。<br>  ・<b>無水カフェイン</b>：胎児への影響を考慮し、妊娠中の多量摂取は控える必要があります。授乳中の過剰摂取は乳児の興奮や不眠を招くおそれがあります。<br>  ・<b>乾燥水酸化アルミニウムゲル</b>：妊娠中や授乳中の短期間の通常量服用における安全性は確立されていますが、長期連用は避けるべきです。<br>・<b>運転・操作</b>：<br>  ・<b>すべての成分</b>：本剤にはアリルイソプロピルアセチル尿素などの眠気を催す鎮静成分や抗コリン成分が配合されていないため、服用後の運転や機械操作に対する法的制限はありません。ただし、頭痛や発熱に伴う注意力低下の可能性を考慮し、体調不良時の運転は慎重に行うよう指導してください。<br>・<b>禁忌・受診勧奨</b>：<br>  ・<b>イブプロフェン</b>：活動性消化性潰瘍、重篤な血液異常、重篤な肝障害、重篤な腎障害、重篤な心機能不全、本剤による喘息発作『アスピリン喘息』の既往歴がある患者は禁忌です。<br>  ・<b>アセトアミノフェン</b>：重篤な肝障害のある患者は禁忌です。<br>  ・<b>乾燥水酸化アルミニウムゲル</b>：透析療法を受けている患者は、アルミニウム脳症やアルミニウム骨症を誘発するおそれがあるため禁忌です。<br>  ・<b>受診勧奨</b>：5回から6回服用しても症状が改善しない場合や、激しい頭痛、高熱を伴う場合は、重大な疾患の可能性があるため服用を中止し、医療機関の受診を勧めてください。<br>・<b>相互作用</b>：<br>  ・<b>イブプロフェン</b>：他の非ステロイド性消炎鎮痛薬『NSAIDs』、ニューキノロン系抗菌薬『痙攣誘発リスクの上昇』、ワルファリン等の抗凝固薬、SSRI『選択的セロトニン再取り込み阻害薬、消化管出血リスクの上昇』との併用に注意が必要です。<br>  ・<b>アセトアミノフェン</b>：アルコールとの併用により肝毒性が増強されるおそれがあるため、服用前後の飲酒は禁止です。<br>  ・<b>無水カフェイン</b>：コーヒーや緑茶、他のカフェイン含有医薬品との併用により、中枢神経刺激作用が強まり、動悸、不眠、イライラが現れることがあります。<br>  ・<b>乾燥水酸化アルミニウムゲル</b>：ニューキノロン系やテトラサイクリン系抗菌薬などとキレートを形成し、それらの薬物の吸収を低下させるため、併用時は2時間以上の間隔をあける必要があります。<br>・<b>濫用・MOH</b>：<br>  ・<b>無水カフェイン</b>：中枢神経刺激作用『アッパー作用』があり、連用による依存や、離脱時の偏頭痛悪化を招くおそれがあります。薬剤乱用頭痛『MOH』の主な原因成分となるため注意が必要です。<br>  ・<b>イブプロフェン・アセトアミノフェン</b>：月に10日以上の頻回な服用は、薬剤乱用頭痛『MOH』を引き起こすリスクを高めるため、頓服としての適切な使用期間を指導してください。<br>・<b>ドーピング・毒性</b>：<br>  ・<b>すべての成分</b>：世界アンチ・ドーピング機構『WADA』の禁止物質リストには該当せず、アスリートでも使用可能です。カフェインも現在の規制対象外となっています。<br>  ・<b>毒性について</b>：【要確認】中毒量・致死量等の詳細はPoisindex等の一次資料を参照してください。,"{""成分マトリックス"":[{""成分名"":""イブプロフェン"",""妊婦・授乳婦"":{""判定"":""✕"",""備考"":""(妊娠: C / D (妊娠後期) / 授乳: 安全（L1相当）) 授乳中は母乳移行が極めて少なく安全（L1）。妊娠初期〜中期は有益性投与（C）だが、妊娠後期（28週以降）は動脈管収縮リスクのため禁忌（D）。""},""禁忌・受診勧奨"":{""判定"":""✕"",""備考"":""活動性消化性潰瘍、重篤な血液異常、重篤な肝障害、重篤な腎障害、重篤な心機能不全、本剤による喘息発作『アスピリン喘息』の既往歴がある患者は禁忌です。""},""相互作用"":{""判定"":""△"",""備考"":""他の非ステロイド性消炎鎮痛薬『NSAIDs』、ニューキノロン系抗菌薬『痙攣誘発リスクの上昇』、ワルファリン等の抗凝固薬、SSRI『選択的セロトニン再取り込み阻害薬、消化管出血リスクの上昇』との併用に注意が必要です。""}},{""成分名"":""アセトアミノフェン"",""妊婦・授乳婦"":{""判定"":""〇"",""備考"":""(妊娠: A / 授乳: 安全（L1相当）) 妊娠全期間・授乳中を通じて第一選択となる解熱鎮痛成分。通常のOTC用量であれば母子ともに安全性が極めて高い。""},""禁忌・受診勧奨"":{""判定"":""✕"",""備考"":""重篤な肝障害のある患者は禁忌です。""},""相互作用"":{""判定"":""ー"",""備考"":""アルコールとの併用により肝毒性が増強されるおそれがあるため、服用前後の飲酒は禁止です。""}},{""成分名"":""無水カフェイン"",""妊婦・授乳婦"":{""判定"":""〇"",""備考"":""(妊娠: A相当 / 授乳: 安全（L2相当）) 通常のOTC含有量（1回50mg程度）であれば妊婦・授乳婦ともに影響は少なく安全。ただし、コーヒー等からの過剰摂取（1日200〜300mg以上）には注意を促す。""},""相互作用"":{""判定"":""ー"",""備考"":""コーヒーや緑茶、他のカフェイン含有医薬品との併用により、中枢神経刺激作用が強まり、動悸、不眠、イライラが現れることがあります。""},""濫用・MOH"":{""判定"":""△"",""備考"":""中枢神経刺激作用『アッパー作用』があり、連用による依存や、離脱時の偏頭痛悪化を招くおそれがあります。薬剤乱用頭痛『MOH』の主な原因成分となるため注意が必要です。""}},{""成分名"":""乾燥水酸化アルミニウムゲル"",""妊婦・授乳婦"":{""判定"":""〇"",""備考"":""(妊娠: A / 授乳: 安全（L1相当）) 制酸薬・胃粘膜保護薬。消化管から血中へほとんど吸収されないため、胎児や乳児への影響はなく極めて安全に推奨できる。""},""禁忌・受診勧奨"":{""判定"":""✕"",""備考"":""透析療法を受けている患者は、アルミニウム脳症やアルミニウム骨症を誘発するおそれがあるため禁忌です。""},""相互作用"":{""判定"":""ー"",""備考"":""ニューキノロン系やテトラサイクリン系抗菌薬などとキレートを形成し、それらの薬物の吸収を低下させるため、併用時は2時間以上の間隔をあける必要があります。""}},{""成分名"":""すべての成分"",""運転・操作"":{""判定"":""〇"",""備考"":""本剤にはアリルイソプロピルアセチル尿素などの眠気を催す鎮静成分や抗コリン成分が配合されていないため、服用後の運転や機械操作に対する法的制限はありません。ただし、頭痛や発熱に伴う注意力低下の可能性を考慮し、体調不良時の運転は慎重に行うよう指導してください。""},""ドーピング・毒性"":{""判定"":""ー"",""備考"":""世界アンチ・ドーピング機構『WADA』の禁止物質リストには該当せず、アスリートでも使用可能です。カフェインも現在の規制対象外となっています。""}},{""成分名"":""受診勧奨"",""禁忌・受診勧奨"":{""判定"":""ー"",""備考"":""5回から6回服用しても症状が改善しない場合や、激しい頭痛、高熱を伴う場合は、重大な疾患の可能性があるため服用を中止し、医療機関の受診を勧めてください。""}},{""成分名"":""イブプロフェン・アセトアミノフェン"",""濫用・MOH"":{""判定"":""△"",""備考"":""月に10日以上の頻回な服用は、薬剤乱用頭痛『MOH』を引き起こすリスクを高めるため、頓服としての適切な使用期間を指導してください。""}},{""成分名"":""毒性について"",""ドーピング・毒性"":{""判定"":""ー"",""備考"":""【要確認】中毒量・致死量等の詳細はPoisindex等の一次資料を参照してください。""}}]}"
2026/07/02 21:41:14,3,15歳未満,妊婦又は妊娠していると思われる人は服用前に医師、薬剤師又は登録販売者に相談すること,-,"{""basis"":""1錠中"",""ingredients"":[{""name"":""ブチルスコポラミン臭化物"",""id"":""D01451"",""amount"":10,""unit"":""mg""}]}","{""adult_dose"":""1回1錠、1日3回まで"",""daily_dose"":3,""prohibited_age"":""15歳未満""}","{""driving_warning"":""運転禁止"",""pregnancy_warning"":""妊婦又は妊娠していると思われる人は服用前に医師、薬剤師又は登録販売者に相談すること"",""drug_category"":""胃腸鎮痛鎮けい薬"",""category_limit"":5,""packages"":[{""package_type"":""20錠"",""estimated_days"":6.7,""capacity_judgment"":""大容量""}]}",胃痛・腹痛・さしこみなどの痛みは、胃腸の過度の緊張やけいれんによって起こります。ブスコパンA錠は、優れた鎮痛鎮痙作用を持つブチルスコポラミン臭化物を配合しており、胃腸の異常な緊張を和らげることで、胃痛・腹痛・さしこみなどの痛みをはじめ、胃酸過多や胸やけに対しても優れた効果を発揮します。,ブスコパンA錠,対象外,医療用（病院の薬）の先発「ブスコパン錠10mg」は2026年4月に販売中止｡GE「ツルハラ」などは、製造・販売継続,"【ブチルスコポラミン臭化物】(妊娠: B2 / 授乳: 相談・注意（L3相当）)
授乳中は安全に注意して使用（L3）[cite: 21]。抗コリン作用により母乳分泌を抑制する可能性あり。妊婦への使用は比較的安全だが、出産直前（末期）は胎児の心拍数に影響を与える可能性があるため注意する[cite: 21]。",【現場_代替薬提案】<br>緑内障、前立腺肥大による排尿障害、心臓病などの基礎疾患がある患者や、運転の必要がある患者、妊婦に対しては、抗コリン作用を持たない製品への代替を提案します。<br>胃酸分泌抑制や胃粘膜保護を目的とする場合、運転制限や抗コリン作用のないH2ブロッカー「ファモチジン錠」や、胃粘膜保護薬「テプレノン」、あるいは生薬製剤「太田胃散」などが候補となります。妊婦の胃痛に対しては、自己判断での抗コリン薬使用は避け、比較的安全性の高い「アセトアミノフェン」の単剤、もしくは医師の診察を推奨します。,【現場_服薬指導エビデンス】<br>・<b>妊婦・授乳婦</b>：<br> ・<b>ブチルスコポラミン臭化物</b>：妊婦又は妊娠している可能性のある女性には、治療上の有益性が危険性を上回ると判断される場合にのみ投与すること。動物実験で胎児毒性が報告されている。授乳中の女性への安全性は確立されていない。抗コリン作用により乳汁分泌が抑制される可能性があるため、服用する場合は授乳を避けることが望ましい。成育L分類やTGA分類等の具体的な安全性評価の数値については、PoisindexやLactMed等の一次資料を参照すること。<br>・<b>運転・操作</b>：<br> ・<b>ブチルスコポラミン臭化物</b>：抗コリン作用による散瞳、眼の調節障害、眠気、めまい等があらわれることがあるため、本剤服用後は自動車の運転や危険を伴う機械の操作に従事させないこと。<br>・<b>禁忌・受診勧奨</b>：<br> ・<b>ブチルスコポラミン臭化物</b>：閉塞隅角緑内障の患者、前立腺肥大による排尿障害のある患者、重篤な心疾患のある患者、麻痺性イレウスの患者、細菌性下痢症の患者には禁忌。激しい腹痛や嘔吐、発熱、血便を伴う場合は、イレウスや虫垂炎、感染性胃腸炎などのレッドフラッグサインの可能性が高いため、直ちに医療機関への受診を勧奨すること。<br>・<b>相互作用</b>：<br> ・<b>ブチルスコポラミン臭化物</b>：三環系抗うつ薬、フェノチアジン系抗精神病薬、MAO阻害剤、抗ヒスタミン薬等と併用すると、抗コリン作用が相加的に増強され、口渇、便秘、排尿困難等の副作用があらわれやすくなる。アルコールとの併用により、めまいや眠気などの中枢抑制作用が増強される可能性があるため、服用中の飲酒は避けるよう指導すること。<br>・<b>濫用・MOH</b>：<br> ・<b>ブチルスコポラミン臭化物</b>：アッパー・ダウナーに分類されるような精神依存性のある成分ではなく、厚生労働省の指定する濫用等のおそれのある医薬品には該当しない。薬剤乱用頭痛のリスクも極めて低いが、鎮痛効果を期待して漫然と長期連用することは、重篤な原疾患の発見を遅らせる原因となるため、数日使用しても改善しない場合は受診を勧めること。<br>・<b>ドーピング・毒性</b>：<br> ・<b>ブチルスコポラミン臭化物</b>：WADAの禁止物質リストには該当しないため、スポーツ選手も使用可能。【要確認】中毒量・致死量等の詳細はPoisindex等の一次資料を参照すること。,"{""成分マトリックス"":[{""成分名"":""ブチルスコポラミン臭化物"",""妊婦・授乳婦"":{""判定"":""〇"",""備考"":""(妊娠: B2 / 授乳: 相談・注意（L3相当）) 授乳中は安全に注意して使用（L3）[cite: 21]。抗コリン作用により母乳分泌を抑制する可能性あり。妊婦への使用は比較的安全だが、出産直前（末期）は胎児の心拍数に影響を与える可能性があるため注意する[cite: 21]。""},""運転・操作"":{""判定"":""ー"",""備考"":""抗コリン作用による散瞳、眼の調節障害、眠気、めまい等があらわれることがあるため、本剤服用後は自動車の運転や危険を伴う機械の操作に従事させないこと。""},""禁忌・受診勧奨"":{""判定"":""✕"",""備考"":""閉塞隅角緑内障の患者、前立腺肥大による排尿障害のある患者、重篤な心疾患のある患者、麻痺性イレウスの患者、細菌性下痢症の患者には禁忌。激しい腹痛や嘔吐、発熱、血便を伴う場合は、イレウスや虫垂炎、感染性胃腸炎などのレッドフラッグサインの可能性が高いため、直ちに医療機関への受診を勧奨すること。""},""相互作用"":{""判定"":""ー"",""備考"":""三環系抗うつ薬、フェノチアジン系抗精神病薬、MAO阻害剤、抗ヒスタミン薬等と併用すると、抗コリン作用が相加的に増強され、口渇、便秘、排尿困難等の副作用があらわれやすくなる。アルコールとの併用により、めまいや眠気などの中枢抑制作用が増強される可能性があるため、服用中の飲酒は避けるよう指導すること。""},""濫用・MOH"":{""判定"":""△"",""備考"":""アッパー・ダウナーに分類されるような精神依存性のある成分ではなく、厚生労働省の指定する濫用等のおそれのある医薬品には該当しない。薬剤乱用頭痛のリスクも極めて低いが、鎮痛効果を期待して漫然と長期連用することは、重篤な原疾患の発見を遅らせる原因となるため、数日使用しても改善しない場合は受診を勧めること。""},""ドーピング・毒性"":{""判定"":""ー"",""備考"":""WADAの禁止物質リストには該当しないため、スポーツ選手も使用可能。【要確認】中毒量・致死量等の詳細はPoisindex等の一次資料を参照すること。""}}]}"
2026/07/02 21:47:21,3,15歳未満,妊婦又は妊娠していると思われる人、および授乳中の人は、服用前に医師、薬剤師又は登録販売者に相談してください。,-,"{""basis"":""3錠中"",""ingredients"":[{""name"":""L-カルボシステイン"",""id"":""D00175"",""amount"":1500,""unit"":""mg""}]}","{""adult_dose"":""1錠×3回"",""daily_dose"":3,""prohibited_age"":""15歳未満""}","{""driving_warning"":"""",""pregnancy_warning"":""妊婦又は妊娠していると思われる人、および授乳中の人は、服用前に医師、薬剤師又は登録販売者に相談してください。"",""drug_category"":""鎮咳去痰薬"",""category_limit"":5,""packages"":[]}",本剤は、有効成分L-カルボシステインの作用により、たんの切れをよくする去たん薬です。L-カルボシステインが「たん」を構成する気道粘液を正常化することで粘度を減らしてサラサラにし、出しやすくする作用があります。さらに、気道粘膜を修復することによっても、たんを出しやすくし、絡むたんの症状を改善します。,ムコダイン去たん錠Pro500,対象外,-,"【L-カルボシステイン】(妊娠: A相当 / 授乳: 安全（L2相当）)
去痰薬。臨床的な安全性が高く、妊婦・授乳婦ともに風邪の諸症状に対して安全に使用できる第一選択の去痰成分。",【現場_代替薬提案】<br>本剤は医療用と同量・同成分のL-カルボシステインを1日量1500mg配合した単一成分の去たん薬です。痰の粘度を下げて排出しやすくするほか、鼻粘膜の粘液分泌を正常化する作用もあるため、痰の絡む咳や鼻づまりを伴う症状に適しています。妊婦や運転への影響を懸念する患者に対して、非常に提案しやすい製品です。より安全性を最優先する妊婦等で市販の去たん薬での対応が難しい場合は、代替成分として安易に他剤を勧めるのではなく、呼吸器内科等の受診を促し、安全性が確立された処方薬の処方を受けるよう提案することが最も適切です。,【現場_服薬指導エビデンス】<br>・<b>妊婦・授乳婦</b>：<br> ・<b>L-カルボシステイン</b>：妊婦または妊娠している可能性のある女性に対しては、治療上の有益性が危険性を上回ると判断される場合にのみ使用を考慮することとされています。確立された疫学データが不十分なため、安全性を考慮し医師への相談を推奨します。授乳婦については、母乳中への移行に関する詳細なデータはありませんが、通常の使用量において授乳を避ける必要はないとされています。乳児の状態を観察し、万が一異常が見られた場合は使用を中止し、速やかに医師の診断を受けるよう指導してください。<br>・<b>運転・操作</b>：<br> ・<b>L-カルボシステイン</b>：中枢神経抑制作用や抗コリン作用を持たないため、服用後の眠気や注意力低下のリスクは極めて低いです。添付文書上も運転操作に関する制限は設定されておらず、半減期も約1.5時間と比較的短いため、運転や危険を伴う機械の操作を行う患者にも安心して提案できます。<br>・<b>禁忌・受診勧奨</b>：<br> ・<b>L-カルボシステイン</b>：本成分に対する過敏症の既往歴のある患者は禁忌です。また、胃粘膜バリアを変化させる可能性があるため、消化性潰瘍の既往がある患者には慎重に使用する必要があります。高熱を伴う咳、呼吸困難、血痰、あるいは2週間以上長引く咳などのレッドフラッグサインが認められる場合は、重大な呼吸器疾患の可能性を考慮し、速やかに医療機関を受診するよう受診勧奨を行ってください。<br>・<b>相互作用</b>：<br> ・<b>L-カルボシステイン</b>：医療用添付文書において併用禁忌や併用注意に指定されている薬剤はありません。抗うつ薬やアルコールとの有害な相互作用も特に報告されていませんが、他の鎮咳去たん薬、特にコデインなどの麻薬性鎮咳薬と併用する際は、咳が過度に抑制されて気道内に痰が貯留するリスクが生じるため、不要な併用を避けるよう指導してください。<br>・<b>濫用・MOH</b>：<br> ・<b>L-カルボシステイン</b>：依存性を引き起こす精神活性作用はなく、アッパーやダウナーに分類される成分でもありません。そのため、薬物依存や濫用のリスクは極めて低く、薬剤乱用頭痛 [MOH] の原因となることもありません。<br>・<b>ドーピング・毒性</b>：<br> ・<b>L-カルボシステイン</b>：世界反ドーピング機関 [WADA] の禁止物質リストには該当せず、アスリートでも問題なく使用可能です。中毒量や致死量に関して、明確な一次資料に基づく毒性数値を記載することはできません。「【要確認】中毒量・致死量等の詳細はPoisindex等の一次資料を参照」として対処してください。,"{""成分マトリックス"":[{""成分名"":""L-カルボシステイン"",""妊婦・授乳婦"":{""判定"":""〇"",""備考"":""(妊娠: A相当 / 授乳: 安全（L2相当）) 去痰薬。臨床的な安全性が高く、妊婦・授乳婦ともに風邪の諸症状に対して安全に使用できる第一選択の去痰成分。""},""運転・操作"":{""判定"":""△"",""備考"":""中枢神経抑制作用や抗コリン作用を持たないため、服用後の眠気や注意力低下のリスクは極めて低いです。添付文書上も運転操作に関する制限は設定されておらず、半減期も約1.5時間と比較的短いため、運転や危険を伴う機械の操作を行う患者にも安心して提案できます。""},""禁忌・受診勧奨"":{""判定"":""✕"",""備考"":""本成分に対する過敏症の既往歴のある患者は禁忌です。また、胃粘膜バリアを変化させる可能性があるため、消化性潰瘍の既往がある患者には慎重に使用する必要があります。高熱を伴う咳、呼吸困難、血痰、あるいは2週間以上長引く咳などのレッドフラッグサインが認められる場合は、重大な呼吸器疾患の可能性を考慮し、速やかに医療機関を受診するよう受診勧奨を行ってください。""},""相互作用"":{""判定"":""✕"",""備考"":""医療用添付文書において併用禁忌や併用注意に指定されている薬剤はありません。抗うつ薬やアルコールとの有害な相互作用も特に報告されていませんが、他の鎮咳去たん薬、特にコデインなどの麻薬性鎮咳薬と併用する際は、咳が過度に抑制されて気道内に痰が貯留するリスクが生じるため、不要な併用を避けるよう指導してください。""},""濫用・MOH"":{""判定"":""〇"",""備考"":""依存性を引き起こす精神活性作用はなく、アッパーやダウナーに分類される成分でもありません。そのため、薬物依存や濫用のリスクは極めて低く、薬剤乱用頭痛 [MOH] の原因となることもありません。""},""ドーピング・毒性"":{""判定"":""ー"",""備考"":""世界反ドーピング機関 [WADA] の禁止物質リストには該当せず、アスリートでも問題なく使用可能です。中毒量や致死量に関して、明確な一次資料に基づく毒性数値を記載することはできません。「【要確認】中毒量・致死量等の詳細はPoisindex等の一次資料を参照」として対処してください。""}}]}"
2026/07/02 22:09:13,2,15才未満の小児,妊婦又は妊娠していると思われる人は服用しないこと。授乳中の人は服用しないか、服用する場合は授乳を避けること。,-,"{""basis"":""2錠中"",""ingredients"":[{""name"":""アゼラスチン塩酸塩"",""id"":""D00659"",""amount"":2,""unit"":""mg""}]}","{""adult_dose"":""1錠×2回"",""daily_dose"":2,""prohibited_age"":""15才未満の小児""}","{""driving_warning"":""運転禁止"",""pregnancy_warning"":""妊婦又は妊娠していると思われる人は服用しないこと。授乳中の人は服用しないか、服用する場合は授乳を避けること。"",""drug_category"":""その他のアレルギー用薬"",""category_limit"":5,""packages"":[{""package_type"":""12錠"",""estimated_days"":6,""capacity_judgment"":""大容量""},{""package_type"":""24錠"",""estimated_days"":12,""capacity_judgment"":""大容量""}]}",『ムヒAZ錠』は、全身に広がるかゆみや、かゆくて眠れないなどの症状に飲んで効く治療薬です。有効成分アゼラスチン塩酸塩が、かゆみやはれの「発症・拡大・悪化」を3方向から抑えます。1回1錠で12時間長く効き、塗り薬では対処しきれない広範囲のかゆみ・はれのほか、花粉やハウスダストなどによる鼻のアレルギー症状（くしゃみ、鼻水、鼻づまり）にも優れた効果を発揮します。,ムヒAZ錠,対象外,"ムヒAZ錠：AZはアゼラスチンのスペル由来
        高いかゆみ止め効果を維持しながら、眠気やだるさを最小限に抑える設計（※ただし運転は不可）
        数少ない「市販･皮膚掻痒対策･第2世代抗ﾋｽ」｡他にｱｾﾞﾗｽﾁﾝ同成分「アレジンAZ錠」､ﾒｷﾀｼﾞﾝ配合「ｼﾞﾝﾏｰﾄ錠」のみ｡いずれも15才以上。
        　　第1世代では、ジフェンヒドラミン配合『レスタミンコーワ糖衣錠』（5才〜）､クロルフェニラミン配合『アレルギール錠』（4才〜）","【⚠️レッドフラッグあり：現場確認必須】

【アゼラスチン塩酸塩】(妊娠: B3 / 授乳: 相談・注意（L3相当）)
第2世代抗ヒスタミン薬。動物実験での催奇形性報告から妊婦は原則禁忌（絶対回避）。授乳中は重大な毒性報告はないが、母乳への移行や苦味による乳児の乳離れ等の懸念があるため、実臨床ではロラタジンやフェキソフェナジン等、より安全な代替薬の提案が推奨される。
",【現場_代替薬提案】<br>妊婦や授乳婦、運転者、基礎疾患のある患者のニーズに合わせた提案を行います。<br>・<b>妊婦・授乳婦の代替提案</b>：妊娠中のアレルギー症状に対して第一選択薬として検討されるロラタジン配合のクラリチンEX等、より安全性の高い薬剤への切り替えを検討し、医師への相談を推奨します。<br>・<b>運転者の代替提案</b>：服用後の運転が禁止されていない第2世代抗ヒスタミン薬であるフェキソフェナジン塩酸塩配合のアレグラFXや、ロラタジン配合のクラリチンEXなどへの変更を提案します。,【現場_服薬指導エビデンス】<br>・<b>妊婦・授乳婦</b>：<br>・<b>アゼラスチン塩酸塩</b>：妊娠中の使用については安全性に関する臨床データが不十分なため、治療上の有益性が危険性を上回る場合にのみ使用を検討すべきです。授乳期に関しては、経口投与により乳汁中への移行が報告されているため、服用中は授乳を避けるか、授乳の継続が必要な場合は本剤の服用を避ける指導が必要です。成育医療研究センター等の国内基準において明確なL分類は設定されていません。オーストラリアTGA分類ではB3に分類されています。<br>・<b>運転・操作</b>：<br>・<b>アゼラスチン塩酸塩</b>：強力な抗ヒスタミン作用と中枢移行性があるため、眠気や注意力・集中力の低下が起こることがあります。製品の添付文書において『服用後、乗物又は機械類の運転操作をしないでください』と明記されており、自転車の運転も含め、危険を伴う機械の操作は厳禁です。<br>・<b>禁忌・受診勧奨</b>：<br>・<b>アゼラスチン塩酸塩</b>：本剤又は本剤の成分によりアレルギー症状を起こしたことがある人は禁忌です。また、15歳未満の小児は服用できません。前立腺肥大による排尿困難や緑内障の患者では、抗コリン作用により症状が悪化する恐れがあるため、事前に医師や薬剤師に相談するよう指導します。皮ふの症状がじんましんや湿疹、かぶれ以外のアトピー性皮膚炎などの場合は医師の診断を優先します。<br>・<b>相互作用</b>：<br>・<b>アゼラスチン塩酸塩</b>：他の抗ヒスタミン薬や催眠鎮静薬、かぜ薬、鎮咳去痰薬、解熱鎮痛薬などの中枢神経抑制剤、またはアルコールと併用すると、眠気や倦怠感が著しく増強されるリスクがあります。また、抗コリン作用を有する薬剤との併用により、口渇や便秘、排尿困難などの副作用が強く現れる可能性があります。<br>・<b>濫用・MOH</b>：<br>・<b>アゼラスチン塩酸塩</b>：中枢移行性による鎮静作用、いわゆるダウナー効果を期待した不適切な使用に注意が必要です。また、本剤は抗アレルギー薬であり鎮痛成分を含まないため、鎮痛薬の過剰服用に伴う薬剤乱用頭痛、すなわちMOHのリスクは直接的にはありませんが、慢性的な体調不良に対する自己判断での長期連用は避け、適切な受診勧奨を行う必要があります。<br>・<b>ドーピング・毒性</b>：<br>・<b>アゼラスチン塩酸塩</b>：世界アンチドーピング機構であるWADAの禁止物質リストには該当しておらず、スポーツ選手も使用可能です。急性中毒に関する薬学・毒性学的な具体的な数値について、明確な出典に基づく記載がないため、『【要確認】中毒量・致死量等の詳細はPoisindex等の一次資料を参照』とします。,"{""成分マトリックス"":[{""成分名"":""アゼラスチン塩酸塩"",""妊婦・授乳婦"":{""判定"":""✕"",""備考"":""(妊娠: B3 / 授乳: 相談・注意（L3相当）) 第2世代抗ヒスタミン薬。動物実験での催奇形性報告から妊婦は原則禁忌（絶対回避）。授乳中は重大な毒性報告はないが、母乳への移行や苦味による乳児の乳離れ等の懸念があるため、実臨床ではロラタジンやフェキソフェナジン等、より安全な代替薬の提案が推奨される。""},""運転・操作"":{""判定"":""△"",""備考"":""強力な抗ヒスタミン作用と中枢移行性があるため、眠気や注意力・集中力の低下が起こることがあります。製品の添付文書において『服用後、乗物又は機械類の運転操作をしないでください』と明記されており、自転車の運転も含め、危険を伴う機械の操作は厳禁です。""},""禁忌・受診勧奨"":{""判定"":""✕"",""備考"":""本剤又は本剤の成分によりアレルギー症状を起こしたことがある人は禁忌です。また、15歳未満の小児は服用できません。前立腺肥大による排尿困難や緑内障の患者では、抗コリン作用により症状が悪化する恐れがあるため、事前に医師や薬剤師に相談するよう指導します。皮ふの症状がじんましんや湿疹、かぶれ以外のアトピー性皮膚炎などの場合は医師の診断を優先します。""},""相互作用"":{""判定"":""△"",""備考"":""他の抗ヒスタミン薬や催眠鎮静薬、かぜ薬、鎮咳去痰薬、解熱鎮痛薬などの中枢神経抑制剤、またはアルコールと併用すると、眠気や倦怠感が著しく増強されるリスクがあります。また、抗コリン作用を有する薬剤との併用により、口渇や便秘、排尿困難などの副作用が強く現れる可能性があります。""},""濫用・MOH"":{""判定"":""〇"",""備考"":""中枢移行性による鎮静作用、いわゆるダウナー効果を期待した不適切な使用に注意が必要です。また、本剤は抗アレルギー薬であり鎮痛成分を含まないため、鎮痛薬の過剰服用に伴う薬剤乱用頭痛、すなわちMOHのリスクは直接的にはありませんが、慢性的な体調不良に対する自己判断での長期連用は避け、適切な受診勧奨を行う必要があります。""},""ドーピング・毒性"":{""判定"":""ー"",""備考"":""世界アンチドーピング機構であるWADAの禁止物質リストには該当しておらず、スポーツ選手も使用可能です。急性中毒に関する薬学・毒性学的な具体的な数値について、明確な出典に基づく記載がないため、『【要確認】中毒量・致死量等の詳細はPoisindex等の一次資料を参照』とします。""}}]}"
2026/07/02 22:53:26,3,15歳未満の小児,妊婦又は妊娠していると思われる人は服用しないこと。授乳中の人は服用前に医師、薬剤師又は登録販売者に相談すること。,-,"{""basis"":""3錠中"",""ingredients"":[{""name"":""フラボキサート塩酸塩"",""id"":""D00718"",""amount"":600,""unit"":""mg""}]}","{""adult_dose"":""1回1錠、1日3回"",""daily_dose"":3,""prohibited_age"":""15歳未満の小児""}","{""driving_warning"":""運転禁止"",""pregnancy_warning"":""妊婦又は妊娠していると思われる人は服用しないこと。授乳中の人は服用前に医師、薬剤師又は登録販売者に相談すること。"",""drug_category"":""頻尿・残尿感改善薬"",""category_limit"":5,""packages"":[{""package_type"":""20錠"",""estimated_days"":6.7,""capacity_judgment"":""大容量""}]}",レディガードコーワは、女性における頻尿（排尿の回数が多い）や残尿感を改善するお薬です。有効成分であるフラボキサート塩酸塩が過敏な状態の膀胱を正常に改善します。1回1錠、1日3回の服用によって、トイレが近くて外出が不安な方や、就寝中に何度も尿意で目が覚めてしまうといった女性の尿トラブルに対して優れた効果を発揮します。,レディガードコーワ,対象外,医療用医薬品（先発品）の商品名は「ブラダロン錠200mg」,"【フラボキサート塩酸塩】(妊娠: B2 / 授乳: 相談・注意（L3相当）)
頻尿改善薬。妊婦への安全性は確立していないため原則使用を控える。授乳中も抗コリン様作用による母乳分泌低下や乳児への影響に注意が必要なため、受診勧奨を優先する。",【現場_代替薬提案】<br>本剤は女性の頻尿・残尿感に用いられる薬剤であり、男性は前立腺肥大症等の基礎疾患が潜んでいる可能性が高いため使用できません。妊婦や授乳婦、運転をする方、または緑内障や尿路閉塞等の基礎疾患を持つ患者に対しては、より安全な代替手段として、個々の証に合わせた漢方薬『排尿異常や頻尿に用いられる牛車腎気丸、八味地黄丸、あるいは残尿感や排尿痛に用いられる清心蓮子飲、五淋散など』への変更、または骨盤底筋体操などの非薬物療法を提案します。特に妊婦の場合は市販薬で対処せず、産婦人科への受診を最優先に促してください。,【現場_服薬指導エビデンス】<br>・<b>妊婦・授乳婦</b>：<br>・<b>フラボキサート塩酸塩</b>：妊婦または妊娠している可能性のある女性への投与は、治療上の有益性が危険性を上回ると判断される場合にのみ考慮されるべきですが、市販薬としての自己判断による服用は避けるよう指導します。授乳婦についても、母乳中への移行に関する十分なデータがないため、服用中の授乳は避けることが望ましいです。成育L分類やTGA分類の公式な評価数値はデータベース内に明記されていないため、安全を最優先とし『【要確認】成育L分類およびTGA分類の公式評価は一次資料を参照』として対応してください。<br>・<b>運転・操作</b>：<br>・<b>フラボキサート塩酸塩</b>：副作用として眠気やめまい、目のかすみ等があらわれることがあるため、本剤服用中は自動車の運転や危険を伴う機械の操作に従事しないよう厳重に指導してください。活性代謝物の半減期は約1.5時間程度ですが、個人差や持続的な抗コリン作用を考慮し、服用期間中は運転を控える必要があります。<br>・<b>禁忌・受診勧奨</b>：<br>・<b>フラボキサート塩酸塩</b>：幽門・十二指腸および腸管の閉塞がある患者「胃腸平滑筋弛緩作用により症状悪化の恐れ」、下部尿路閉塞疾患『前立腺肥大症等』のある患者「尿閉を誘発する恐れ」には禁忌です。また、緑内障の患者や心疾患のある患者、小児、および男性『前立腺肥大症の鑑別が必要なため』も使用対象外とし、医療機関への受診を勧めます。数日間使用しても症状の改善が見られない場合や、発熱、血尿、排尿痛などの感染症を疑う症状がある場合は、速やかに泌尿器科等を受診するよう促してください。<br>・<b>相互作用</b>：<br>・<b>フラボキサート塩酸塩</b>：他の抗コリン薬、三環系抗うつ薬、フェノチアジン系薬剤、モノアミン酸化酵素阻害剤等と併用すると、抗コリン作用『口渇、便秘、尿閉、眼圧上昇など』が増強されるおそれがあります。アルコールとの併用は、中枢神経抑制作用を増強させ、眠気やめまいを悪化させるリスクがあるため避けてください。<br>・<b>濫用・MOH</b>：<br>・<b>フラボキサート塩酸塩</b>：アッパー・ダウナー分類としては非該当です。依存性や濫用のリスクは極めて低いですが、慢性的な尿トラブルに対して原因を特定せぬまま漫然と長期使用することは避けるべきであり、症状が改善しない場合は専門医の受診を推奨します。薬剤乱用頭痛のリスクはありません。<br>・<b>ドーピング・毒性</b>：<br>・<b>フラボキサート塩酸塩</b>：WADA『世界アンチ・ドーピング機構』の禁止物質リストには該当しないため、スポーツ選手でも使用可能です。毒性情報について、フラボキサート塩酸塩の正確な半数中毒量や致死量を示す明確な出典が本データベースに搭載されていないため、『【要確認】中毒量・致死量等の詳細はPoisindex等の一次資料を参照』と出力します。,"{""成分マトリックス"":[{""成分名"":""フラボキサート塩酸塩"",""妊婦・授乳婦"":{""判定"":""〇"",""備考"":""(妊娠: B2 / 授乳: 相談・注意（L3相当）) 頻尿改善薬。妊婦への安全性は確立していないため原則使用を控える。授乳中も抗コリン様作用による母乳分泌低下や乳児への影響に注意が必要なため、受診勧奨を優先する。""},""運転・操作"":{""判定"":""ー"",""備考"":""副作用として眠気やめまい、目のかすみ等があらわれることがあるため、本剤服用中は自動車の運転や危険を伴う機械の操作に従事しないよう厳重に指導してください。活性代謝物の半減期は約1.5時間程度ですが、個人差や持続的な抗コリン作用を考慮し、服用期間中は運転を控える必要があります。""},""禁忌・受診勧奨"":{""判定"":""✕"",""備考"":""幽門・十二指腸および腸管の閉塞がある患者「胃腸平滑筋弛緩作用により症状悪化の恐れ」、下部尿路閉塞疾患『前立腺肥大症等』のある患者「尿閉を誘発する恐れ」には禁忌です。また、緑内障の患者や心疾患のある患者、小児、および男性『前立腺肥大症の鑑別が必要なため』も使用対象外とし、医療機関への受診を勧めます。数日間使用しても症状の改善が見られない場合や、発熱、血尿、排尿痛などの感染症を疑う症状がある場合は、速やかに泌尿器科等を受診するよう促してください。""},""相互作用"":{""判定"":""✕"",""備考"":""他の抗コリン薬、三環系抗うつ薬、フェノチアジン系薬剤、モノアミン酸化酵素阻害剤等と併用すると、抗コリン作用『口渇、便秘、尿閉、眼圧上昇など』が増強されるおそれがあります。アルコールとの併用は、中枢神経抑制作用を増強させ、眠気やめまいを悪化させるリスクがあるため避けてください。""},""濫用・MOH"":{""判定"":""〇"",""備考"":""アッパー・ダウナー分類としては非該当です。依存性や濫用のリスクは極めて低いですが、慢性的な尿トラブルに対して原因を特定せぬまま漫然と長期使用することは避けるべきであり、症状が改善しない場合は専門医の受診を推奨します。薬剤乱用頭痛のリスクはありません。""},""ドーピング・毒性"":{""判定"":""ー"",""備考"":""WADA『世界アンチ・ドーピング機構』の禁止物質リストには該当しないため、スポーツ選手でも使用可能です。毒性情報について、フラボキサート塩酸塩の正確な半数中毒量や致死量を示す明確な出典が本データベースに搭載されていないため、『【要確認】中毒量・致死量等の詳細はPoisindex等の一次資料を参照』と出力します。""}}]}"
2026/07/02 23:41:49,6,15歳未満,-,-,"{""basis"":""6カプセル中"",""ingredients"":[{""name"":""パンテチン"",""id"":""D01234"",""amount"":375,""unit"":""mg""},{""name"":""大豆油不けん化物（ソイステロール）"",""id"":""D04269"",""amount"":600,""unit"":""mg""},{""name"":""酢酸d-α-トコフェロール"",""id"":""D01735"",""amount"":100,""unit"":""mg""},{""name"":""ルチン"",""id"":""D08499"",""amount"":60,""unit"":""mg""},{""name"":""ピリドキシン塩酸塩"",""id"":""D02179"",""amount"":10,""unit"":""mg""}]}","{""adult_dose"":""2カプセル×3回"",""daily_dose"":6,""prohibited_age"":""15歳未満""}","{""driving_warning"":"""",""pregnancy_warning"":"""",""drug_category"":""動脈硬化用薬"",""category_limit"":5,""packages"":[{""package_type"":""90カプセル"",""estimated_days"":15,""capacity_judgment"":""大容量""},{""package_type"":""180カプセル"",""estimated_days"":30,""capacity_judgment"":""大容量""}]}",ローカスタEXは、パンテチンの働きによって脂質代謝を改善し、血中の総コレステロールを低下させます。またソイステロールが、コレステロールの腸管からの吸収を阻害し、体外への排泄を促します。さらに、天然型ビタミンEが、過酸化脂質の増加を抑え、末梢の血行をよくします。ルチンやビタミンB6も配合し、血清高コレステロールの改善や手足の冷え・しびれの緩和に効果を発揮します。,ローカスタEX,対象外,「ローカスタEX ＝ パントシン（パンテチン） ＋ ユベラ（ビタミンE） ＋ 大豆由来成分(ソイステロール；大豆油不けん化物600mg)」,"【パンテチン】(妊娠: A / 授乳: 安全（L1相当）)
ビタミンB5（パントテン酸）の誘導体。脂質代謝を改善する。水溶性ビタミン類であり、妊婦・授乳婦ともに安全。

【大豆油不けん化物（ソイステロール）】(妊娠: 未分類（安全） / 授乳: 安全（L1相当）)
植物由来のステロール成分。コレステロールの吸収を抑える。食品成分と同等であり母子ともに安全。

【酢酸d-α-トコフェロール】(妊娠: A / 授乳: 安全（L1相当）)
天然型ビタミンE。末梢血行障害の改善等に用いられる。OTCの通常用量であれば妊婦・授乳婦ともに安全。

【ルチン】(妊娠: 未分類（安全） / 授乳: 安全（L1相当）)
ビタミンP様作用をもつフラボノイド（ソバなどに含まれる成分）。血管強化作用をもつ。食品成分であり安全。

【ピリドキシン塩酸塩】(妊娠: A / 授乳: 安全（L1相当）)
ビタミンB6。つわりの軽減目的で産婦人科でも処方される成分であり、妊婦・授乳婦ともに極めて安全性が高い。",【現場_代替薬提案】<br>ローカスタEXは、パンテチン、大豆油不けん化物（ソイステロール）、酢酸d-α-トコフェロール、ルチン、ピリドキシン塩酸塩を配合し、血中のコレステロール値を下げ、抹消血行障害を緩和する製品です。大豆アレルギーを認める患者や妊婦において、より安全に使用できる代替薬として、大豆油不けん化物を含まない単剤（例：ビタミンE単剤である『ユベラC』等や、パンテチン単剤の医療用医薬品等）や、食事療法・運動療法の徹底を提案します。,【現場_服薬指導エビデンス】<br>・<b>妊婦・授乳婦</b>：<br> ・<b>パンテチン</b>：妊娠中の安全性に関する十分なデータはなく、治療上の有益性が危険性を上回ると判断される場合のみ使用を検討すること。成育L分類やTGA等の評価情報は一次情報ソースで個別確認が必要。<br> ・<b>大豆油不けん化物（ソイステロール）</b>：妊婦・授乳婦における安全性データが不足しているため、服用を避け、医師に相談することを推奨。<br> ・<b>酢酸d-α-トコフェロール</b>：通常の食事摂取量を大きく超える投与は避け、安全性データが不明確なため慎重に扱うこと。<br> ・<b>ルチン</b>：妊娠中の大量摂取は子宮収縮を誘発する可能性が指摘されているため、本剤の服用は避けることが望ましい。<br> ・<b>ピリドキシン塩酸塩</b>：ビタミンB6の補給として適量であれば安全とされるが、過剰摂取は避けること。<br>・<b>運転・操作</b>：<br> ・<b>全成分共通（パンテチン、大豆油不けん化物、酢酸d-α-トコフェロール、ルチン、ピリドキシン塩酸塩）</b>：抗コリン作用や中枢神経抑制作用を伴う成分は含まれておらず、運転や危険を伴う機械の操作への影響はない。<br>・<b>禁忌・受診勧奨</b>：<br> ・<b>大豆油不けん化物</b>：大豆アレルギーのある患者は、アレルギー反応を誘発する恐れがあるため使用を避けること（禁忌相当）。<br> ・<b>酢酸d-α-トコフェロール</b>：出血傾向のある患者や抗凝固療法中の患者は、出血リスクを高める可能性があるため受診勧奨。<br> ・<b>ピリドキシン塩酸塩</b>：長期大量摂取により末梢神経障害（しびれ、感覚異常など）が生じる可能性があるため、症状が現れた場合は服用を中止し受診を促すこと。<br>・<b>相互作用</b>：<br> ・<b>酢酸d-α-トコフェロール</b>：ワルファリンなどの抗凝固薬と併用すると、抗凝固作用が増強され出血傾向が強まる恐れがある。<br> ・<b>ピリドキシン塩酸塩</b>：レボドパの代謝を促進し、その作用を減弱させることがあるため、レボドパ（脱炭酸酵素阻害剤非併用時）服用者への併用は避けること。<br> ・<b>その他の成分</b>：重篤な薬剤相互作用の報告は少ないが、他の高脂血症用薬等との併用時には効果の重複に留意すること。<br>・<b>濫用・MOH</b>：<br> ・<b>全成分共通</b>：アッパー/ダウナー分類に該当する成分は含まれておらず、精神的・身体的依存性はない。また、薬剤乱用頭痛（MOH）を誘発するリスクは極めて低い。<br>・<b>ドーピング・毒性</b>：<br> ・<b>全成分共通</b>：WADA（世界アンチ・ドーピング機構）の禁止物質には該当せず、アスリートも服用可能。中毒量や致死量に関して：【要確認】中毒量・致死量等の詳細はPoisindex等の一次資料を参照。,"{""成分マトリックス"":[{""成分名"":""パンテチン"",""妊婦・授乳婦"":{""判定"":""〇"",""備考"":""(妊娠: A / 授乳: 安全（L1相当）) ビタミンB5（パントテン酸）の誘導体。脂質代謝を改善する。水溶性ビタミン類であり、妊婦・授乳婦ともに安全。""}},{""成分名"":""大豆油不けん化物（ソイステロール）"",""妊婦・授乳婦"":{""判定"":""〇"",""備考"":""(妊娠: 未分類（安全） / 授乳: 安全（L1相当）) 植物由来のステロール成分。コレステロールの吸収を抑える。食品成分と同等であり母子ともに安全。""}},{""成分名"":""酢酸d-α-トコフェロール"",""妊婦・授乳婦"":{""判定"":""〇"",""備考"":""(妊娠: A / 授乳: 安全（L1相当）) 天然型ビタミンE。末梢血行障害の改善等に用いられる。OTCの通常用量であれば妊婦・授乳婦ともに安全。""},""禁忌・受診勧奨"":{""判定"":""△"",""備考"":""出血傾向のある患者や抗凝固療法中の患者は、出血リスクを高める可能性があるため受診勧奨。""},""相互作用"":{""判定"":""ー"",""備考"":""ワルファリンなどの抗凝固薬と併用すると、抗凝固作用が増強され出血傾向が強まる恐れがある。""}},{""成分名"":""ルチン"",""妊婦・授乳婦"":{""判定"":""〇"",""備考"":""(妊娠: 未分類（安全） / 授乳: 安全（L1相当）) ビタミンP様作用をもつフラボノイド（ソバなどに含まれる成分）。血管強化作用をもつ。食品成分であり安全。""}},{""成分名"":""ピリドキシン塩酸塩"",""妊婦・授乳婦"":{""判定"":""〇"",""備考"":""(妊娠: A / 授乳: 安全（L1相当）) ビタミンB6。つわりの軽減目的で産婦人科でも処方される成分であり、妊婦・授乳婦ともに極めて安全性が高い。""},""禁忌・受診勧奨"":{""判定"":""ー"",""備考"":""長期大量摂取により末梢神経障害（しびれ、感覚異常など）が生じる可能性があるため、症状が現れた場合は服用を中止し受診を促すこと。""},""相互作用"":{""判定"":""ー"",""備考"":""レボドパの代謝を促進し、その作用を減弱させることがあるため、レボドパ（脱炭酸酵素阻害剤非併用時）服用者への併用は避けること。""}},{""成分名"":""全成分共通（パンテチン、大豆油不けん化物、酢酸d-α-トコフェロール、ルチン、ピリドキシン塩酸塩）"",""運転・操作"":{""判定"":""ー"",""備考"":""抗コリン作用や中枢神経抑制作用を伴う成分は含まれておらず、運転や危険を伴う機械の操作への影響はない。""}},{""成分名"":""大豆油不けん化物"",""禁忌・受診勧奨"":{""判定"":""✕"",""備考"":""大豆アレルギーのある患者は、アレルギー反応を誘発する恐れがあるため使用を避けること（禁忌相当）。""}},{""成分名"":""その他の成分"",""相互作用"":{""判定"":""ー"",""備考"":""重篤な薬剤相互作用の報告は少ないが、他の高脂血症用薬等との併用時には効果の重複に留意すること。""}},{""成分名"":""全成分共通"",""濫用・MOH"":{""判定"":""△"",""備考"":""アッパー/ダウナー分類に該当する成分は含まれておらず、精神的・身体的依存性はない。また、薬剤乱用頭痛（MOH）を誘発するリスクは極めて低い。""},""ドーピング・毒性"":{""判定"":""ー"",""備考"":""WADA（世界アンチ・ドーピング機構）の禁止物質には該当せず、アスリートも服用可能。中毒量や致死量に関して：【要確認】中毒量・致死量等の詳細はPoisindex等の一次資料を参照。""}}]}"
2026/07/07 1:14:47,10,-,-,-,"{""basis"":""1錠中"",""ingredients"":[{""name"":""オロチン酸"",""id"":""D00055"",""amount"":30,""unit"":""mg""},{""name"":""ウコンエキス"",""id"":""D06695"",""amount"":2,""unit"":""mg""},{""name"":""鬱金"",""id"":""D06695"",""amount"":4,""unit"":""mg""},{""name"":""DL-メチオニン"",""id"":""D04983"",""amount"":30,""unit"":""mg""},{""name"":""ゴオウ"",""id"":""D06721"",""amount"":0.5,""unit"":""mg""},{""name"":""アスコルビン酸"",""id"":""D00018"",""amount"":30,""unit"":""mg""},{""name"":""チアミン塩化物塩酸塩"",""id"":""D02094"",""amount"":2,""unit"":""mg""},{""name"":""リボフラビン"",""id"":""D00050"",""amount"":1,""unit"":""mg""},{""name"":""ニコチン酸アミド"",""id"":""D00036"",""amount"":10,""unit"":""mg""},{""name"":""パントテン酸カルシウム"",""id"":""D01082, D03300"",""amount"":5,""unit"":""mg""}]}","{""adult_dose"":""1日3～10錠"",""daily_dose"":10,""prohibited_age"":""""}","{""driving_warning"":"""",""pregnancy_warning"":"""",""drug_category"":""その他の滋養強壮保健薬"",""category_limit"":5,""packages"":[{""package_type"":""12錠"",""estimated_days"":1.2,""capacity_judgment"":""小容量""},{""package_type"":""24錠"",""estimated_days"":2.4,""capacity_judgment"":""小容量""},{""package_type"":""30錠"",""estimated_days"":3,""capacity_judgment"":""小容量""},{""package_type"":""70錠"",""estimated_days"":7,""capacity_judgment"":""大容量""},{""package_type"":""75錠"",""estimated_days"":7.5,""capacity_judgment"":""大容量""},{""package_type"":""100錠"",""estimated_days"":10,""capacity_judgment"":""大容量""},{""package_type"":""200錠"",""estimated_days"":20,""capacity_judgment"":""大容量""},{""package_type"":""270錠"",""estimated_days"":27,""capacity_judgment"":""大容量""}]}",肝臓は新陳代謝をつかさどる重要な臓器であり、栄養素の供給・貯蔵、有害物質の排泄といった役目を果たしますが、いたみやすい性質も持ちます。本剤は、宿酔（二日酔い）、自家中毒、流行性肝炎、じんましん、湿疹、吹出物、にきび、しもやけ、アレルギー性体質、肌のあれ、強精、病後回復期、妊産婦の栄養補給に効果があります。,強肝，解毒，強力グットA錠,対象外,二日酔い・肝臓の疲れに。肝細胞を保護するオロチン酸や解毒を助けるメチオニン・ウコン等を配合,"【オロチン酸】(妊娠: 未分類（安全） / 授乳: 安全（L2相当）)
かつてビタミンB13と呼ばれた成分。牛乳等にも含まれる生体物質であり、肝臓の代謝を助ける。妊婦・授乳婦ともに安全。

【ウコンエキス】(妊娠: 未分類（安全） / 授乳: 安全（L2相当）)
ターメリック。通常の食品レベルやOTCの用量であれば妊婦・授乳婦ともに安全。ただし妊娠中の大量摂取（サプリメント等の過剰摂取）は子宮収縮の懸念から控えるよう指導する。

【ウコンエキス】(妊娠: 未分類（安全） / 授乳: 安全（L2相当）)
ターメリック。通常の食品レベルやOTCの用量であれば妊婦・授乳婦ともに安全。ただし妊娠中の大量摂取（サプリメント等の過剰摂取）は子宮収縮の懸念から控えるよう指導する。

【DL-メチオニン】(妊娠: A相当 / 授乳: 安全（L1相当）)
必須アミノ酸の一種。肝機能改善等に用いられる。栄養素であるため妊婦・授乳婦ともに極めて安全。

【ゴオウ】(妊娠: 未分類 / 授乳: 安全（L2相当）)
牛の胆のう結石由来の生薬。滋養強壮薬（救心など）に含まれる。OTCの通常用量における短期服用であれば妊婦・授乳婦ともに安全。

【アスコルビン酸】(妊娠: A / 授乳: 安全（L1相当）)
ビタミンC。妊婦・授乳婦ともに極めて安全であり、妊娠期・授乳期にはむしろ積極的な摂取が推奨される栄養素。

【チアミン塩化物塩酸塩】(妊娠: A / 授乳: 安全（L1相当）)
ビタミンB1。疲労回復に不可欠な栄養素。妊婦・授乳婦ともに極めて安全。

【リボフラビン】(妊娠: A / 授乳: 安全（L1相当）)
ビタミンB2。妊婦・授乳婦ともに安全に服用可能。尿が黄色くなることがあるため、服薬指導時にその旨を添えると患者の安心感に繋がる。

【ニコチン酸アミド】(妊娠: A / 授乳: 安全（L1相当）)
ビタミンB3（ナイアシン）。細胞の代謝に不可欠。通常の用量であれば妊婦・授乳婦ともに極めて安全。

【パントテン酸カルシウム】(妊娠: A / 授乳: 安全（L1相当）)
ビタミンB5。エネルギー代謝に関与する。水溶性ビタミンのため過剰症のリスクもなく、妊婦・授乳婦ともに極めて安全。",【現場_代替薬提案】<br>肝機能サポートや疲労回復を目的とする場合、ウコンによる胆道閉塞や胆石患者へのリスク、あるいはDL-メチオニンの肝性昏睡リスクを回避したい場合は、ビタミン単一製剤『アリナミンEXプラスなど』やアミノ酸製剤『ヘパリーゼプラスIIなど』への代替を検討してください。また、妊婦や授乳婦には、安全性の確立されている葉酸や各種単一ビタミン剤の処方を推奨してください。,【現場_服薬指導エビデンス】<br>・<b>妊婦・授乳婦</b>：<br>・ウコンエキスおよび鬱金：子宮収縮作用や月経刺激作用を示す可能性があるため、妊婦の大量摂取は推奨されません。<br>・ゴオウ：子宮収縮や胎盤への影響が否定できないため、妊婦への投与は慎重に行うか、避けることが望ましいです。<br>・DL-メチオニンおよびオロチン酸：妊娠中・授乳中の安全性データが十分に確立されていないため、医師の判断を仰ぐ必要があります。<br>・アスコルビン酸、チアミン塩化物塩酸塩、リボフラビン、ニコチン酸アミド、パントテン酸カルシウム：通常の推奨用量の範囲内であれば安全性は高いですが、過剰摂取は避けるよう指導してください。<br>・<b>運転・操作</b>：<br>・配合成分『オロチン酸、ウコンエキス、鬱金、DL-メチオニン、ゴオウ、アスコルビン酸、チアミン塩化物塩酸塩、リボフラビン、ニコチン酸アミド、パントテン酸カルシウム』すべてにおいて、中枢神経抑制作用や抗コリン作用などの眠気を誘発する成分は含まれていないため、運転や機械の操作に特段の制限はありません。<br>・<b>禁忌・受診勧奨</b>：<br>・ウコンエキスおよび鬱金：胆道閉塞のある患者には胆汁分泌を促進し症状を悪化させるため禁忌です。胆石のある患者も事前に医師に相談してください。<br>・DL-メチオニン：重篤な肝障害や肝性昏睡のおそれがある患者では、窒素負荷等により症状が悪化するリスクがあるため慎重投与または避けてください。<br>・ゴオウ：著しい虚弱体質や消化器症状が強い患者への投与は慎重を期してください。<br>・ビタミン類：腎結石や尿路結石の既往がある患者には、大量のアスコルビン酸の継続投与は結石再発のリスクとなるため受診勧奨を検討してください。<br>・<b>相互作用</b>：<br>・ウコンエキスおよび鬱金：抗凝固薬『ワルファリン等』や抗血小板薬との併用により、出血リスクが増大するおそれがあります。<br>・DL-メチオニン：パーキンソン病治療薬であるレボドパの作用を弱める可能性があります。<br>・アスコルビン酸：鉄分の吸収を亢進させるため、鉄過剰症の治療を行っている患者は注意が必要です。<br>・アルコール併用：本剤はアルコール代謝を補助する目的で使用されますが、アルコールによる直接的な胃粘膜刺激を避けるため、酒類と同時に服用することは避け、時間を空けて水で服用するよう指導してください。<br>・<b>濫用・MOH</b>：<br>・本剤に含まれるすべての成分『オロチン酸、ウコンエキス、鬱金、DL-メチオニン、ゴオウ、アスコルビン酸、チアミン塩化物塩酸塩、リボフラビン、ニコチン酸アミド、パントテン酸カルシウム』は、依存性物質や麻薬性成分を含まないため、薬物乱用頭痛『MOH』や依存症のリスクはありません。<br>・<b>ドーピング・毒性</b>：<br>・WADA基準：配合されているすべての成分『オロチン酸、ウコンエキス、鬱金、DL-メチオニン、ゴオウ、アスコルビン酸、チアミン塩化物塩酸塩、リボフラビン、ニコチン酸アミド、パントテン酸カルシウム』はWADA『世界アンチ・ドーピング機構』の禁止物質リストに該当しないため、アスリートでも安心して使用できます。<br>・毒性について：【要確認】中毒量・致死量等の詳細はPoisindex等の一次資料を参照。,"{""成分マトリックス"":[{""成分名"":""オロチン酸"",""妊婦・授乳婦"":{""判定"":""〇"",""備考"":""(妊娠: 未分類（安全） / 授乳: 安全（L2相当）) かつてビタミンB13と呼ばれた成分。牛乳等にも含まれる生体物質であり、肝臓の代謝を助ける。妊婦・授乳婦ともに安全。""}},{""成分名"":""ウコンエキス"",""妊婦・授乳婦"":{""判定"":""〇"",""備考"":""(妊娠: 未分類（安全） / 授乳: 安全（L2相当）) ターメリック。通常の食品レベルやOTCの用量であれば妊婦・授乳婦ともに安全。ただし妊娠中の大量摂取（サプリメント等の過剰摂取）は子宮収縮の懸念から控えるよう指導する。""}},{""成分名"":""DL-メチオニン"",""妊婦・授乳婦"":{""判定"":""〇"",""備考"":""(妊娠: A相当 / 授乳: 安全（L1相当）) 必須アミノ酸の一種。肝機能改善等に用いられる。栄養素であるため妊婦・授乳婦ともに極めて安全。""}},{""成分名"":""ゴオウ"",""妊婦・授乳婦"":{""判定"":""〇"",""備考"":""(妊娠: 未分類 / 授乳: 安全（L2相当）) 牛の胆のう結石由来の生薬。滋養強壮薬（救心など）に含まれる。OTCの通常用量における短期服用であれば妊婦・授乳婦ともに安全。""}},{""成分名"":""アスコルビン酸"",""妊婦・授乳婦"":{""判定"":""〇"",""備考"":""(妊娠: A / 授乳: 安全（L1相当）) ビタミンC。妊婦・授乳婦ともに極めて安全であり、妊娠期・授乳期にはむしろ積極的な摂取が推奨される栄養素。""}},{""成分名"":""チアミン塩化物塩酸塩"",""妊婦・授乳婦"":{""判定"":""〇"",""備考"":""(妊娠: A / 授乳: 安全（L1相当）) ビタミンB1。疲労回復に不可欠な栄養素。妊婦・授乳婦ともに極めて安全。""}},{""成分名"":""リボフラビン"",""妊婦・授乳婦"":{""判定"":""〇"",""備考"":""(妊娠: A / 授乳: 安全（L1相当）) ビタミンB2。妊婦・授乳婦ともに安全に服用可能。尿が黄色くなることがあるため、服薬指導時にその旨を添えると患者の安心感に繋がる。""}},{""成分名"":""ニコチン酸アミド"",""妊婦・授乳婦"":{""判定"":""〇"",""備考"":""(妊娠: A / 授乳: 安全（L1相当）) ビタミンB3（ナイアシン）。細胞の代謝に不可欠。通常の用量であれば妊婦・授乳婦ともに極めて安全。""}},{""成分名"":""パントテン酸カルシウム"",""妊婦・授乳婦"":{""判定"":""〇"",""備考"":""(妊娠: A / 授乳: 安全（L1相当）) ビタミンB5。エネルギー代謝に関与する。水溶性ビタミンのため過剰症のリスクもなく、妊婦・授乳婦ともに極めて安全。""}}]}"
2026/07/07 1:18:02,12,15才未満,授乳中は服用しないか、授乳を避けること。妊婦または妊娠している可能性のある人は服用前に医師等に相談すること。,-,"{""basis"":""12錠中"",""ingredients"":[{""name"":""ダイオウ末"",""id"":""D06756"",""amount"":175,""unit"":""mg""},{""name"":""カノコソウ末"",""id"":""D06699"",""amount"":207,""unit"":""mg""},{""name"":""ケイヒ末"",""id"":""D06712"",""amount"":170,""unit"":""mg""},{""name"":""センキュウ末"",""id"":""D06748"",""amount"":100,""unit"":""mg""},{""name"":""ソウジュツ末"",""id"":""D06752"",""amount"":100,""unit"":""mg""},{""name"":""シャクヤク末"",""id"":""D06739"",""amount"":300,""unit"":""mg""},{""name"":""ブクリョウ末"",""id"":""D06783"",""amount"":175,""unit"":""mg""},{""name"":""トウキ末"",""id"":""D06768"",""amount"":300,""unit"":""mg""},{""name"":""コウブシ末"",""id"":""D06719"",""amount"":50,""unit"":""mg""},{""name"":""ゴシュユ"",""id"":""D00173"",""amount"":40,""unit"":""mg""},{""name"":""ハンゲ"",""id"":""D06778"",""amount"":75,""unit"":""mg""},{""name"":""ニンジン末"",""id"":""D06772"",""amount"":40,""unit"":""mg""},{""name"":""コウカ"",""id"":""D06717"",""amount"":50,""unit"":""mg""},{""name"":""チアミン塩化物塩酸塩"",""id"":""D02094"",""amount"":5,""unit"":""mg""},{""name"":""リボフラビン"",""id"":""D00050"",""amount"":1,""unit"":""mg""},{""name"":""ピリドキシン塩酸塩"",""id"":""D02179"",""amount"":0.5,""unit"":""mg""},{""name"":""シアノコバラミン"",""id"":""D00166"",""amount"":1,""unit"":""μg""},{""name"":""パントテン酸カルシウム"",""id"":""D01082, D03300"",""amount"":5,""unit"":""mg""},{""name"":""葉酸"",""id"":""D00070"",""amount"":0.5,""unit"":""mg""},{""name"":""アミノエチルスルホン酸(タウリン)"",""id"":""D00047"",""amount"":90,""unit"":""mg""},{""name"":""トコフェロールコハク酸エステル"",""id"":""D01406"",""amount"":5,""unit"":""mg""},{""name"":""リン酸水素カルシウム水和物"",""id"":""D00937"",""amount"":10,""unit"":""mg""},{""name"":""ビオチン"",""id"":""D00029"",""amount"":1,""unit"":""μg""},{""name"":""精製大豆レシチン"",""id"":""D04682"",""amount"":10,""unit"":""mg""}]}","{""adult_dose"":""4錠×3回"",""daily_dose"":12,""prohibited_age"":""15才未満""}","{""driving_warning"":"""",""pregnancy_warning"":""授乳中は服用しないか、授乳を避けること。妊婦または妊娠している可能性のある人は服用前に医師等に相談すること。"",""drug_category"":""婦人薬"",""category_limit"":5,""packages"":[{""package_type"":""84錠"",""estimated_days"":7,""capacity_judgment"":""大容量""},{""package_type"":""252錠"",""estimated_days"":21,""capacity_judgment"":""大容量""},{""package_type"":""420錠"",""estimated_days"":35,""capacity_judgment"":""大容量""},{""package_type"":""840錠"",""estimated_days"":70,""capacity_judgment"":""大容量""}]}",更年期障害、更年期神経症、生理不順、冷え症、めまい、肩こり、貧血など、女性特有の心身の不調を改善する女性保健薬です。13種類の生薬とビタミン類、カルシウムなどを配合し、女性ホルモンのバランスや自律神経の乱れを穏やかに整えることで、更年期に起こるさまざまな症状を改善します。小さくて飲みやすい糖衣錠です。,女性保健薬 命の母A,対象外,"メグリビa：「更年期＋肌悩み」に。生薬13種､自律神経と肌を整える「加味逍遙散合四物湯」
命の母A：更年期の総合不調に。生薬13種にビタミンB群やカルシウムなど
アクティブ：更年期後関節・筋肉痛に。生薬10種｡骨・筋肉を補うゴシツやトウキなど
ホワイト：PMS生理前・生理痛に。生薬11種｡血の滞りを巡らせ痛みを鎮めるトウニンやダイオウなど","【⚠️レッドフラッグあり：現場確認必須】

【ダイオウ末】(妊娠: 未分類（禁忌） / 授乳: 相談・注意（L3相当）)
大腸刺激性下剤・駆お血薬。骨盤内臓器の充血や子宮収縮を促す恐れがあり、流早産のリスクとなるため妊婦への使用は避ける（禁忌クラス）。また母乳へ移行して乳児に下痢を起こすため授乳中も避ける。

【カノコソウ末】(妊娠: 未分類 / 授乳: 安全（L2相当）)
鎮静作用をもつ生薬（ハーブのバレリアンと同種）。妊婦・授乳婦に対する明確な有害事象は報告されておらず、OTCの通常用量であれば比較的安全に使用できる。

【ケイヒ】(妊娠: 未分類 / 授乳: 安全（L2相当）)
葛根湯などに含まれる発汗・解熱作用をもつ生薬成分。シナモンとして食品にも用いられ、通常の漢方薬の用量であれば妊婦・授乳婦ともに安全。

【センキュウ末】(妊娠: 未分類 / 授乳: 安全（L2相当）)
血行促進・鎮痛作用をもつ、婦人薬の基本生薬。当帰芍薬散など妊婦に処方される漢方にも含まれており、OTC用量であれば母子ともに安全。

【ソウジュツ乾燥エキス】(妊娠: 未分類 / 授乳: 安全（L2相当）)
健胃・利尿作用をもつ生薬成分。セルベールなどの胃腸薬に配合される。通常のOTC用量であれば妊婦・授乳婦ともに安全。

【シャクヤク】(妊娠: 未分類 / 授乳: 安全（L2相当）)
鎮痙・鎮痛作用をもつ生薬成分。妊婦・授乳婦に対する明確な有害事象の報告はなく、通常のOTC漢方薬の用量であれば安全性に問題はない。

【ブクリョウ末】(妊娠: 未分類 / 授乳: 安全（L2相当）)
利尿・鎮静・健胃作用をもつ生薬。妊娠悪阻（つわり）に用いる小半夏加茯苓湯などにも含まれており、妊婦・授乳婦ともに安全性が高い。

【トウキ末】(妊娠: 未分類 / 授乳: 安全（L2相当）)
補血・血行促進作用をもつ、婦人薬（命の母等）の代表的生薬。産婦人科でも頻用される成分であり、通常のOTC用量であれば妊婦・授乳婦ともに安全。

【コウブシ末】(妊娠: 未分類 / 授乳: 安全（L2相当）)
理気・鎮痛作用をもつ生薬。ストレスや月経不順に用いられる。通常の漢方薬用量であれば妊婦・授乳婦ともに安全。

【ゴシュユ】(妊娠: 未分類 / 授乳: 相談・注意（L3相当）)
体を温め痛みを鎮める生薬。子宮収縮作用の懸念があるため、妊娠中の大量服用・長期連用は避けるのが望ましい。授乳中の短期使用は許容される。

【ハンゲ】(妊娠: 未分類 / 授乳: 安全（L2相当）)
鎮吐（吐き気止め）・鎮咳作用をもつ生薬。つわり対策の漢方薬にも頻用される成分であり、妊婦・授乳婦ともに安全。

【ニンジン末】(妊娠: 未分類 / 授乳: 安全（L2相当）)
高麗人参。滋養強壮・補気作用をもつ。通常のOTC用量であれば妊婦・授乳婦ともに安全だが、サプリメント等での過剰摂取は控えるよう指導する。

【コウカ】(妊娠: 未分類（禁忌） / 授乳: 危険（L4相当）)
ベニバナ。強力な活血（血行促進）作用をもつ。子宮収縮を誘発する恐れが強いため、妊娠中（特に初期・後期）は原則使用を避けるべきレッドフラッグ生薬成分。授乳中も慎重な判断が必要。

【チアミン塩化物塩酸塩】(妊娠: A / 授乳: 安全（L1相当）)
ビタミンB1。疲労回復に不可欠な栄養素。妊婦・授乳婦ともに極めて安全。

【リボフラビン】(妊娠: A / 授乳: 安全（L1相当）)
ビタミンB2。妊婦・授乳婦ともに安全に服用可能。尿が黄色くなることがあるため、服薬指導時にその旨を添えると患者の安心感に繋がる。

【ピリドキシン塩酸塩】(妊娠: A / 授乳: 安全（L1相当）)
ビタミンB6。つわりの軽減目的で産婦人科でも処方される成分であり、妊婦・授乳婦ともに極めて安全性が高い。

【シアノコバラミン】(妊娠: A / 授乳: 安全（L1相当）)
ビタミンB12。神経機能の維持や造血に関わる水溶性ビタミンであり、妊婦・授乳婦ともに極めて安全性が高い。

【パントテン酸カルシウム】(妊娠: A / 授乳: 安全（L1相当）)
ビタミンB5。エネルギー代謝に関与する。水溶性ビタミンのため過剰症のリスクもなく、妊婦・授乳婦ともに極めて安全。

【葉酸】(妊娠: A / 授乳: 安全（L1相当）)
ビタミンB群。胎児の神経管閉鎖障害の予防に必須であり、妊婦（特に妊娠初期）には積極的な摂取が推奨される極めて安全な成分。

【アミノエチルスルホン酸(タウリン)】(妊娠: A相当 / 授乳: 安全（L1相当）)
含硫アミノ酸様化合物。母乳中にも自然に含まれる成分であり、妊婦・授乳婦ともに栄養補給目的で安全に服用可能。

【トコフェロールコハク酸エステル】(妊娠: A / 授乳: 安全（L1相当）)
ビタミンE誘導体。末梢の血行を改善する。OTCの通常用量であれば、妊婦・授乳婦ともに安全に服用できる。

【リン酸水素カルシウム水和物】(妊娠: A相当 / 授乳: 安全（L1相当）)
カルシウム補給成分。妊娠期・授乳期にはカルシウムの需要が高まるため、補給目的として極めて安全かつ有益。

【ビオチン】(妊娠: A / 授乳: 安全（L1相当）)
ビタミンB7（ビタミンH）。皮膚や粘膜の健康維持を助ける水溶性ビタミンであり、妊婦・授乳婦ともに安全。

【精製大豆レシチン】(妊娠: 未分類（安全） / 授乳: 安全（L1相当）)
大豆由来のリン脂質。脂質代謝を助ける。食品（マヨネーズ等）にも広く使われる成分であり、母子ともに極めて安全。",【現場_代替薬提案】<br>妊婦や授乳婦で更年期症状や精神不安定等の改善を希望する場合、ダイオウやコウカ等の流産・乳児下痢リスク成分を避けるため、比較的安全性の高い『当帰芍薬散』などの漢方処方『ただし医師の判断を優先』やビタミン単剤での対応を提案します。授乳中で便秘症状がない場合は、ダイオウを含まない『命の母アクティブ』などの代替薬を提案します。症状が重い場合は自己判断での服用を避け、産婦人科等の専門医への受診を勧めます。,【現場_服薬指導エビデンス】<br>・<b>妊婦・授乳婦</b>：<br>・<b>ダイオウ末</b>：アントラキノン系成分により骨盤内臓器の充血や子宮収縮を誘発し流早産のリスクがあるため妊婦には禁忌です。また乳汁移行により乳児に下痢を引き起こす恐れがあるため授乳婦も避けるべきです。<br>・<b>コウカ、センキュウ末、トウキ末</b>：活血作用があり、妊婦への投与は流産リスクを高めるため避けるべきです。<br>・<b>カノコソウ末、ハンゲ、ゴシュユ</b>：妊娠中の安全性データが不十分なため避けるべきです。<br>・<b>各種ビタミン、タウリン、レシチンなど</b>：通常のビタミン補充量ですが、多成分配合の製剤であるため妊婦・授乳婦の自己判断での服用は避け、医師に相談するよう指導します。成育医療研究センター等の最新評価における本製品全体の分類は未設定です。<br>・<b>運転・操作</b>：<br>・<b>カノコソウ末</b>：鎮静作用があり、眠気や注意力低下を引き起こす可能性があるため、服用後の車の運転や危険な機械の操作は避けるよう指導します。<br>・<b>その他の成分</b>：直接的な中枢抑制作用はありませんが、体調変化に伴う眠気等に注意を促します。<br>・<b>禁忌・受診勧奨</b>：<br>・<b>ダイオウ末</b>：激しい腹痛や吐き気、嘔吐のある患者、または活動性の炎症性腸疾患の患者は病状悪化のリスクがあるため禁忌です。<br>・<b>カノコソウ末</b>：重篤な肝機能障害のある患者には慎重投与または避けるべきです。<br>・<b>センキュウ末、トウキ末、コウカ</b>：出血傾向のある患者や月経量が多い患者は出血を助長する恐れがあります。<br>・<b>受診勧奨</b>：1ヶ月程度服用しても症状が改善しない場合や、不正出血、激しい腹痛が生じた場合は速やかに服用を中止し受診を勧めます。<br>・<b>相互作用</b>：<br>・<b>ダイオウ末</b>：他の下剤『特に他のアントラキノン系下剤』との併用は、激しい下痢や電解質異常を引き起こすため避けます。強心薬との併用時は低カリウム血症による強心薬中毒に注意します。<br>・<b>カノコソウ末</b>：アルコールや中枢神経抑制薬『ベンゾジアゼピン系など』と併用すると、相加的に鎮静作用が増強するため併用を避けます。<br>・<b>ピリドキシン塩酸塩</b>：レボドパの作用を減弱させる可能性があります。<br>・<b>濫用・MOH</b>：<br>・<b>全成分共通</b>：依存性のあるアッパーやダウナー系の特定原材料は含みませんが、精神不安定に対する精神的依存や過剰服用に注意します。薬剤乱用頭痛『MOH』の直接的な原因となる鎮痛成分は含まれませんが、漫然とした長期連用は避けさせます。<br>・<b>ドーピング・毒性</b>：<br>・<b>全成分共通</b>：世界アンチ・ドーピング機構『WADA』の禁止物質リストに直接該当する成分は含まれていませんが、生薬特有の意図しない不純物混入リスクを考慮し、アスリートの服用には注意を促します。中毒量や致死量等の詳細な数値については『【要確認】中毒量・致死量等の詳細はPoisindex等の一次資料を参照』とします。,"{""成分マトリックス"":[{""成分名"":""ダイオウ末"",""妊婦・授乳婦"":{""判定"":""✕"",""備考"":""(妊娠: 未分類（禁忌） / 授乳: 相談・注意（L3相当）) 大腸刺激性下剤・駆お血薬。骨盤内臓器の充血や子宮収縮を促す恐れがあり、流早産のリスクとなるため妊婦への使用は避ける（禁忌クラス）。また母乳へ移行して乳児に下痢を起こすため授乳中も避ける。""},""禁忌・受診勧奨"":{""判定"":""✕"",""備考"":""激しい腹痛や吐き気、嘔吐のある患者、または活動性の炎症性腸疾患の患者は病状悪化のリスクがあるため禁忌です。""},""相互作用"":{""判定"":""△"",""備考"":""他の下剤『特に他のアントラキノン系下剤』との併用は、激しい下痢や電解質異常を引き起こすため避けます。強心薬との併用時は低カリウム血症による強心薬中毒に注意します。""}},{""成分名"":""コウカ、センキュウ末、トウキ末"",""妊婦・授乳婦"":{""判定"":""△"",""備考"":""活血作用があり、妊婦への投与は流産リスクを高めるため避けるべきです。""}},{""成分名"":""カノコソウ末、ハンゲ、ゴシュユ"",""妊婦・授乳婦"":{""判定"":""〇"",""備考"":""妊娠中の安全性データが不十分なため避けるべきです。""}},{""成分名"":""各種ビタミン、タウリン、レシチンなど"",""妊婦・授乳婦"":{""判定"":""△"",""備考"":""通常のビタミン補充量ですが、多成分配合の製剤であるため妊婦・授乳婦の自己判断での服用は避け、医師に相談するよう指導します。成育医療研究センター等の最新評価における本製品全体の分類は未設定です。""}},{""成分名"":""カノコソウ末"",""運転・操作"":{""判定"":""△"",""備考"":""鎮静作用があり、眠気や注意力低下を引き起こす可能性があるため、服用後の車の運転や危険な機械の操作は避けるよう指導します。""},""禁忌・受診勧奨"":{""判定"":""△"",""備考"":""重篤な肝機能障害のある患者には慎重投与または避けるべきです。""},""相互作用"":{""判定"":""ー"",""備考"":""アルコールや中枢神経抑制薬『ベンゾジアゼピン系など』と併用すると、相加的に鎮静作用が増強するため併用を避けます。""},""妊婦・授乳婦"":{""判定"":""〇"",""備考"":""(妊娠: 未分類 / 授乳: 安全（L2相当）) 鎮静作用をもつ生薬（ハーブのバレリアンと同種）。妊婦・授乳婦に対する明確な有害事象は報告されておらず、OTCの通常用量であれば比較的安全に使用できる。""}},{""成分名"":""その他の成分"",""運転・操作"":{""判定"":""〇"",""備考"":""直接的な中枢抑制作用はありませんが、体調変化に伴う眠気等に注意を促します。""}},{""成分名"":""センキュウ末、トウキ末、コウカ"",""禁忌・受診勧奨"":{""判定"":""ー"",""備考"":""出血傾向のある患者や月経量が多い患者は出血を助長する恐れがあります。""}},{""成分名"":""受診勧奨"",""禁忌・受診勧奨"":{""判定"":""ー"",""備考"":""1ヶ月程度服用しても症状が改善しない場合や、不正出血、激しい腹痛が生じた場合は速やかに服用を中止し受診を勧めます。""}},{""成分名"":""ピリドキシン塩酸塩"",""相互作用"":{""判定"":""ー"",""備考"":""レボドパの作用を減弱させる可能性があります。""},""妊婦・授乳婦"":{""判定"":""〇"",""備考"":""(妊娠: A / 授乳: 安全（L1相当）) ビタミンB6。つわりの軽減目的で産婦人科でも処方される成分であり、妊婦・授乳婦ともに極めて安全性が高い。""}},{""成分名"":""全成分共通"",""濫用・MOH"":{""判定"":""△"",""備考"":""依存性のあるアッパーやダウナー系の特定原材料は含みませんが、精神不安定に対する精神的依存や過剰服用に注意します。薬剤乱用頭痛『MOH』の直接的な原因となる鎮痛成分は含まれませんが、漫然とした長期連用は避けさせます。""},""ドーピング・毒性"":{""判定"":""△"",""備考"":""世界アンチ・ドーピング機構『WADA』の禁止物質リストに直接該当する成分は含まれていませんが、生薬特有の意図しない不純物混入リスクを考慮し、アスリートの服用には注意を促します。中毒量や致死量等の詳細な数値については『【要確認】中毒量・致死量等の詳細はPoisindex等の一次資料を参照』とします。""}},{""成分名"":""ケイヒ"",""妊婦・授乳婦"":{""判定"":""〇"",""備考"":""(妊娠: 未分類 / 授乳: 安全（L2相当）) 葛根湯などに含まれる発汗・解熱作用をもつ生薬成分。シナモンとして食品にも用いられ、通常の漢方薬の用量であれば妊婦・授乳婦ともに安全。""}},{""成分名"":""センキュウ末"",""妊婦・授乳婦"":{""判定"":""〇"",""備考"":""(妊娠: 未分類 / 授乳: 安全（L2相当）) 血行促進・鎮痛作用をもつ、婦人薬の基本生薬。当帰芍薬散など妊婦に処方される漢方にも含まれており、OTC用量であれば母子ともに安全。""}},{""成分名"":""ソウジュツ乾燥エキス/セネガ"",""妊婦・授乳婦"":{""判定"":""〇"",""備考"":""(妊娠: 未分類 / 授乳: 安全（L2相当）) 健胃・利尿作用をもつ生薬成分。セルベールなどの胃腸薬に配合される。通常のOTC用量であれば妊婦・授乳婦ともに安全。""}},{""成分名"":""シャクヤク"",""妊婦・授乳婦"":{""判定"":""〇"",""備考"":""(妊娠: 未分類 / 授乳: 安全（L2相当）) 鎮痙・鎮痛作用をもつ生薬成分。妊婦・授乳婦に対する明確な有害事象の報告はなく、通常のOTC漢方薬の用量であれば安全性に問題はない。""}},{""成分名"":""ブクリョウ末"",""妊婦・授乳婦"":{""判定"":""〇"",""備考"":""(妊娠: 未分類 / 授乳: 安全（L2相当）) 利尿・鎮静・健胃作用をもつ生薬。妊娠悪阻（つわり）に用いる小半夏加茯苓湯などにも含まれており、妊婦・授乳婦ともに安全性が高い。""}},{""成分名"":""トウキ末"",""妊婦・授乳婦"":{""判定"":""〇"",""備考"":""(妊娠: 未分類 / 授乳: 安全（L2相当）) 補血・血行促進作用をもつ、婦人薬（命の母等）の代表的生薬。産婦人科でも頻用される成分であり、通常のOTC用量であれば妊婦・授乳婦ともに安全。""}},{""成分名"":""コウブシ末"",""妊婦・授乳婦"":{""判定"":""〇"",""備考"":""(妊娠: 未分類 / 授乳: 安全（L2相当）) 理気・鎮痛作用をもつ生薬。ストレスや月経不順に用いられる。通常の漢方薬用量であれば妊婦・授乳婦ともに安全。""}},{""成分名"":""ゴシュユ"",""妊婦・授乳婦"":{""判定"":""△"",""備考"":""(妊娠: 未分類 / 授乳: 相談・注意（L3相当）) 体を温め痛みを鎮める生薬。子宮収縮作用の懸念があるため、妊娠中の大量服用・長期連用は避けるのが望ましい。授乳中の短期使用は許容される。""}},{""成分名"":""ハンゲ"",""妊婦・授乳婦"":{""判定"":""〇"",""備考"":""(妊娠: 未分類 / 授乳: 安全（L2相当）) 鎮吐（吐き気止め）・鎮咳作用をもつ生薬。つわり対策の漢方薬にも頻用される成分であり、妊婦・授乳婦ともに安全。""}},{""成分名"":""ニンジン末"",""妊婦・授乳婦"":{""判定"":""〇"",""備考"":""(妊娠: 未分類 / 授乳: 安全（L2相当）) 高麗人参。滋養強壮・補気作用をもつ。通常のOTC用量であれば妊婦・授乳婦ともに安全だが、サプリメント等での過剰摂取は控えるよう指導する。""}},{""成分名"":""コウカ"",""妊婦・授乳婦"":{""判定"":""✕"",""備考"":""(妊娠: 未分類（禁忌） / 授乳: 危険（L4相当）) ベニバナ。強力な活血（血行促進）作用をもつ。子宮収縮を誘発する恐れが強いため、妊娠中（特に初期・後期）は原則使用を避けるべきレッドフラッグ生薬成分。授乳中も慎重な判断が必要。""}},{""成分名"":""チアミン塩化物塩酸塩"",""妊婦・授乳婦"":{""判定"":""〇"",""備考"":""(妊娠: A / 授乳: 安全（L1相当）) ビタミンB1。疲労回復に不可欠な栄養素。妊婦・授乳婦ともに極めて安全。""}},{""成分名"":""リボフラビン"",""妊婦・授乳婦"":{""判定"":""〇"",""備考"":""(妊娠: A / 授乳: 安全（L1相当）) ビタミンB2。妊婦・授乳婦ともに安全に服用可能。尿が黄色くなることがあるため、服薬指導時にその旨を添えると患者の安心感に繋がる。""}},{""成分名"":""シアノコバラミン"",""妊婦・授乳婦"":{""判定"":""〇"",""備考"":""(妊娠: A / 授乳: 安全（L1相当）) ビタミンB12。神経機能の維持や造血に関わる水溶性ビタミンであり、妊婦・授乳婦ともに極めて安全性が高い。""}},{""成分名"":""パントテン酸カルシウム"",""妊婦・授乳婦"":{""判定"":""〇"",""備考"":""(妊娠: A / 授乳: 安全（L1相当）) ビタミンB5。エネルギー代謝に関与する。水溶性ビタミンのため過剰症のリスクもなく、妊婦・授乳婦ともに極めて安全。""}},{""成分名"":""葉酸"",""妊婦・授乳婦"":{""判定"":""〇"",""備考"":""(妊娠: A / 授乳: 安全（L1相当）) ビタミンB群。胎児の神経管閉鎖障害の予防に必須であり、妊婦（特に妊娠初期）には積極的な摂取が推奨される極めて安全な成分。""}},{""成分名"":""アミノエチルスルホン酸(タウリン)"",""妊婦・授乳婦"":{""判定"":""〇"",""備考"":""(妊娠: A相当 / 授乳: 安全（L1相当）) 含硫アミノ酸様化合物。母乳中にも自然に含まれる成分であり、妊婦・授乳婦ともに栄養補給目的で安全に服用可能。""}},{""成分名"":""トコフェロールコハク酸エステル"",""妊婦・授乳婦"":{""判定"":""〇"",""備考"":""(妊娠: A / 授乳: 安全（L1相当）) ビタミンE誘導体。末梢の血行を改善する。OTCの通常用量であれば、妊婦・授乳婦ともに安全に服用できる。""}},{""成分名"":""リン酸水素カルシウム水和物"",""妊婦・授乳婦"":{""判定"":""〇"",""備考"":""(妊娠: A相当 / 授乳: 安全（L1相当）) カルシウム補給成分。妊娠期・授乳期にはカルシウムの需要が高まるため、補給目的として極めて安全かつ有益。""}},{""成分名"":""ビオチン"",""妊婦・授乳婦"":{""判定"":""〇"",""備考"":""(妊娠: A / 授乳: 安全（L1相当）) ビタミンB7（ビタミンH）。皮膚や粘膜の健康維持を助ける水溶性ビタミンであり、妊婦・授乳婦ともに安全。""}},{""成分名"":""精製大豆レシチン"",""妊婦・授乳婦"":{""判定"":""〇"",""備考"":""(妊娠: 未分類（安全） / 授乳: 安全（L1相当）) 大豆由来のリン脂質。脂質代謝を助ける。食品（マヨネーズ等）にも広く使われる成分であり、母子ともに極めて安全。""}}]}"
2026/07/07 1:19:42,3,15歳未満,妊婦または妊娠していると思われる人は服用前に医師、薬剤師または登録販売者に相談すること,-,"{""basis"":""3本(90mL)中"",""ingredients"":[{""name"":""葛根湯エキス"",""id"":""D06698"",""amount"":8.3,""unit"":""g""},{""name"":""カッコン"",""id"":""D06693"",""amount"":8,""unit"":""g""},{""name"":""マオウ"",""id"":""D06791"",""amount"":4,""unit"":""g""},{""name"":""タイソウ"",""id"":""D06758"",""amount"":4,""unit"":""g""},{""name"":""ケイヒ"",""id"":""D06712"",""amount"":3,""unit"":""g""},{""name"":""シャクヤク"",""id"":""D06739"",""amount"":3,""unit"":""g""},{""name"":""カンゾウ"",""id"":""D04365"",""amount"":2,""unit"":""g""},{""name"":""ショウキョウ"",""id"":""D06744"",""amount"":1,""unit"":""g""}]}","{""adult_dose"":""1本×3回"",""daily_dose"":3,""prohibited_age"":""15歳未満""}","{""driving_warning"":"""",""pregnancy_warning"":""妊婦または妊娠していると思われる人は服用前に医師、薬剤師または登録販売者に相談すること"",""drug_category"":""漢方製剤"",""category_limit"":5,""packages"":[]}",体力中等度以上のものの感冒の初期（汗をかいていないもの）、鼻かぜ、鼻炎、頭痛、肩こり、筋肉痛、手や肩の痛みに効果を発揮する漢方内服液です。,ツムラ漢方内服液葛根湯,対象外,引き始めのかぜ・頭痛・肩こりに｡体を温めて発汗を促すカッコンやマオウなど7種の生薬を配合。,"【葛根湯エキス(1／2量)】(妊娠: 未分類（有益） / 授乳: 安全（L2相当）)
妊婦・授乳婦の風邪の初期症状に第一選択として汎用される（妊娠中有益）[cite: 21]。マオウを含むが、漢方処方としての通常用量・短期服用であれば母子ともに問題ない。

【カッコン】(妊娠: 未分類 / 授乳: 安全（L2相当）)
葛根湯の主構成生薬。発汗・解熱作用をもつ。妊婦・授乳婦ともに通常の漢方薬用量であれば安全。

【マオウ】(妊娠: 未分類 / 授乳: 相談・注意（L3相当）)
交感神経刺激作用をもつエフェドリン類を含む。単体・過量では母乳分泌低下や胎児の頻脈リスクがあるが、葛根湯などの漢方処方としての短期使用であれば許容される。

【タイソウ】(妊娠: 未分類 / 授乳: 安全（L1相当）)
栄養補給・緩和作用をもつ生薬。食品（ナツメ）としても食され、妊婦・授乳婦ともに極めて安全。

【ケイヒ】(妊娠: 未分類 / 授乳: 安全（L2相当）)
葛根湯などに含まれる発汗・解熱作用をもつ生薬成分。シナモンとして食品にも用いられ、通常の漢方薬の用量であれば妊婦・授乳婦ともに安全。

【シャクヤク】(妊娠: 未分類 / 授乳: 安全（L2相当）)
鎮痙・鎮痛作用をもつ生薬成分。妊婦・授乳婦に対する明確な有害事象の報告はなく、通常のOTC漢方薬の用量であれば安全性に問題はない。

【カンゾウ】(妊娠: 未分類 / 授乳: 安全（L2相当）)
多くの漢方薬に含まれる生薬。グリチルリチン酸を含有するため、過量・長期連用による偽アルドステロン症（血圧上昇、むくみ等）には注意が必要だが、短期の通常用量であれば母子ともに安全。

【ショウキョウ】(妊娠: A相当 / 授乳: 安全（L1相当）)
生姜（しょうが）。健胃・発汗作用をもつ。つわりの軽減にも用いられるほどであり、妊婦・授乳婦ともに極めて安全性が高い生薬成分。",【現場_代替薬提案】<br>葛根湯はマオウやカンゾウを含有するため、高血圧や前立腺肥大、妊婦、ドーピング管理が必要なアスリートには適さない場合があります。代替提案として、マオウを含まない漢方薬である香蘇散『胃腸虚弱な風邪の初期に適する』や桂枝湯『体力が低下した風邪の初期に適する』が挙げられます。また、発熱や頭痛に対する単一成分の対症療法として、妊婦にも使用可能なアセトアミノフェン製剤『タイレノールなど』の提案が適切です。,【現場_服薬指導エビデンス】<br>・<b>妊婦・授乳婦</b>：<br>・<b>マオウ</b>：エフェドリンを含有。胎盤通過性があり胎児心拍数増加や子宮収縮作用のリスクが懸念されるため、妊婦または妊娠している可能性のある女性には治療上の有益性が危険性を上回る場合にのみ投与を考慮すること。また乳汁移行により乳児に頻脈や不穏を起こす可能性があるため、授乳中の服用は避けるか授乳を避けること。<br>・<b>カンゾウ</b>：グリチルリチンを含有し、過剰摂取により偽アルドステロン症や早産リスクの上昇が報告されているため注意が必要。<br>・<b>その他の成分『カッコン、タイソウ、ケイヒ、シャクヤク、ショウキョウ、葛根湯エキス』</b>：通常の服用量において直ちに危険とされるデータはないが、過剰摂取は避けるべきである。成育L分類やTGA分類の明確な評価数値はナレッジベースに未掲載のため記載を控える。<br>・<b>運転・操作</b>：<br>・<b>全成分『マオウ、カッコン、タイソウ、ケイヒ、シャクヤク、カンゾウ、ショウキョウ』</b>：抗コリン作用や中枢抑制作用など眠気を引き起こす成分は含まれておらず、運転操作に対する直接的な制限はない。ただし、風邪による体調不良や倦怠感に伴う注意力の低下には留意すること。<br>・<b>禁忌・受診勧奨</b>：<br>・<b>マオウ</b>：交感神経刺激作用により、重篤な高血圧、心臓病、甲状腺機能亢進症、腎臓病、前立腺肥大による排尿困難のある患者では症状が悪化するリスクがあるため受診勧奨を検討すること。胃腸虚弱、発汗傾向が著しい患者も慎重投与。<br>・<b>カンゾウ</b>：低カリウム血症、ミオパチー、偽アルドステロン症のある患者への使用は病態を悪化させるため避けること。<br>・<b>相互作用</b>：<br>・<b>マオウ</b>：他のエフェドリン含有製剤、モノアミン酸化酵素阻害薬、甲状腺製剤『チロキシンなど』、カテコールアミン製剤『アドレナリンなど』、キサンチン系製剤『テオフィリンなど』との併用により、不整脈や血圧上昇などの交感神経刺激作用が増強されるリスクがある。<br>・<b>カンゾウ</b>：他の甘草含有製剤、グリチルリチン酸を含有する医薬品・食品、ループ利尿薬『フロセミドなど』やチアジド系利尿薬との併用により、低カリウム血症や偽アルドステロン症のリスクが著しく高まる。<br>・<b>濫用・MOH</b>：<br>・<b>マオウ</b>：中枢興奮作用を示すエフェドリン類を含有するため、精神依存や耐性を生じる可能性がありアッパー系に分類される。<br>・<b>カンゾウ</b>：長期連用により偽アルドステロン症を招くため漫然とした連用は避けること。本剤は鎮痛薬ではないため典型的な薬剤乱用頭痛『MOH』の直接的要因にはなりにくいが、症状が改善しない場合の長期連用は禁物である。<br>・<b>ドーピング・毒性</b>：<br>・<b>マオウ</b>：世界反ドーピング機関『WADA』の禁止物質リストにおいて「S6 興奮薬」に指定されているエフェドリンおよびメチルエフェドリンを含有するため、競技会時においては使用禁止物質に該当する。アスリートの服用は避けること。<br>・<b>全成分</b>：【要確認】中毒量・致死量等の詳細はPoisindex等の一次資料を参照。,"{""成分マトリックス"":[{""成分名"":""マオウ"",""妊婦・授乳婦"":{""判定"":""△"",""備考"":""(妊娠: 未分類 / 授乳: 相談・注意（L3相当）) 交感神経刺激作用をもつエフェドリン類を含む。単体・過量では母乳分泌低下や胎児の頻脈リスクがあるが、葛根湯などの漢方処方としての短期使用であれば許容される。""},""禁忌・受診勧奨"":{""判定"":""△"",""備考"":""交感神経刺激作用により、重篤な高血圧、心臓病、甲状腺機能亢進症、腎臓病、前立腺肥大による排尿困難のある患者では症状が悪化するリスクがあるため受診勧奨を検討すること。胃腸虚弱、発汗傾向が著しい患者も慎重投与。""},""相互作用"":{""判定"":""△"",""備考"":""他のエフェドリン含有製剤、モノアミン酸化酵素阻害薬、甲状腺製剤『チロキシンなど』、カテコールアミン製剤『アドレナリンなど』、キサンチン系製剤『テオフィリンなど』との併用により、不整脈や血圧上昇などの交感神経刺激作用が増強されるリスクがある。""},""濫用・MOH"":{""判定"":""△"",""備考"":""中枢興奮作用を示すエフェドリン類を含有するため、精神依存や耐性を生じる可能性がありアッパー系に分類される。""},""ドーピング・毒性"":{""判定"":""ー"",""備考"":""世界反ドーピング機関『WADA』の禁止物質リストにおいて「S6 興奮薬」に指定されているエフェドリンおよびメチルエフェドリンを含有するため、競技会時においては使用禁止物質に該当する。アスリートの服用は避けること。""}},{""成分名"":""カンゾウ"",""妊婦・授乳婦"":{""判定"":""〇"",""備考"":""(妊娠: 未分類 / 授乳: 安全（L2相当）) 多くの漢方薬に含まれる生薬。グリチルリチン酸を含有するため、過量・長期連用による偽アルドステロン症（血圧上昇、むくみ等）には注意が必要だが、短期の通常用量であれば母子ともに安全。""},""禁忌・受診勧奨"":{""判定"":""ー"",""備考"":""低カリウム血症、ミオパチー、偽アルドステロン症のある患者への使用は病態を悪化させるため避けること。""},""相互作用"":{""判定"":""△"",""備考"":""他の甘草含有製剤、グリチルリチン酸を含有する医薬品・食品、ループ利尿薬『フロセミドなど』やチアジド系利尿薬との併用により、低カリウム血症や偽アルドステロン症のリスクが著しく高まる。""},""濫用・MOH"":{""判定"":""△"",""備考"":""長期連用により偽アルドステロン症を招くため漫然とした連用は避けること。本剤は鎮痛薬ではないため典型的な薬剤乱用頭痛『MOH』の直接的要因にはなりにくいが、症状が改善しない場合の長期連用は禁物である。""}},{""成分名"":""その他の成分『カッコン、タイソウ、ケイヒ、シャクヤク、ショウキョウ、葛根湯エキス』"",""妊婦・授乳婦"":{""判定"":""ー"",""備考"":""通常の服用量において直ちに危険とされるデータはないが、過剰摂取は避けるべきである。成育L分類やTGA分類の明確な評価数値はナレッジベースに未掲載のため記載を控える。""}},{""成分名"":""全成分『マオウ、カッコン、タイソウ、ケイヒ、シャクヤク、カンゾウ、ショウキョウ』"",""運転・操作"":{""判定"":""△"",""備考"":""抗コリン作用や中枢抑制作用など眠気を引き起こす成分は含まれておらず、運転操作に対する直接的な制限はない。ただし、風邪による体調不良や倦怠感に伴う注意力の低下には留意すること。""}},{""成分名"":""全成分"",""ドーピング・毒性"":{""判定"":""ー"",""備考"":""【要確認】中毒量・致死量等の詳細はPoisindex等の一次資料を参照。""}},{""成分名"":""葛根湯エキス(1／2量)"",""妊婦・授乳婦"":{""判定"":""〇"",""備考"":""(妊娠: 未分類（有益） / 授乳: 安全（L2相当）) 妊婦・授乳婦の風邪の初期症状に第一選択として汎用される（妊娠中有益）[cite: 21]。マオウを含むが、漢方処方としての通常用量・短期服用であれば母子ともに問題ない。""}},{""成分名"":""カッコン"",""妊婦・授乳婦"":{""判定"":""〇"",""備考"":""(妊娠: 未分類 / 授乳: 安全（L2相当）) 葛根湯の主構成生薬。発汗・解熱作用をもつ。妊婦・授乳婦ともに通常の漢方薬用量であれば安全。""}},{""成分名"":""タイソウ"",""妊婦・授乳婦"":{""判定"":""〇"",""備考"":""(妊娠: 未分類 / 授乳: 安全（L1相当）) 栄養補給・緩和作用をもつ生薬。食品（ナツメ）としても食され、妊婦・授乳婦ともに極めて安全。""}},{""成分名"":""ケイヒ"",""妊婦・授乳婦"":{""判定"":""〇"",""備考"":""(妊娠: 未分類 / 授乳: 安全（L2相当）) 葛根湯などに含まれる発汗・解熱作用をもつ生薬成分。シナモンとして食品にも用いられ、通常の漢方薬の用量であれば妊婦・授乳婦ともに安全。""}},{""成分名"":""シャクヤク"",""妊婦・授乳婦"":{""判定"":""〇"",""備考"":""(妊娠: 未分類 / 授乳: 安全（L2相当）) 鎮痙・鎮痛作用をもつ生薬成分。妊婦・授乳婦に対する明確な有害事象の報告はなく、通常のOTC漢方薬の用量であれば安全性に問題はない。""}},{""成分名"":""ショウキョウ"",""妊婦・授乳婦"":{""判定"":""〇"",""備考"":""(妊娠: A相当 / 授乳: 安全（L1相当）) 生姜（しょうが）。健胃・発汗作用をもつ。つわりの軽減にも用いられるほどであり、妊婦・授乳婦ともに極めて安全性が高い生薬成分。""}}]}"
2026/07/07 1:21:09,9,5歳未満,妊婦又は妊娠していると思われる人は服用前に医師、薬剤師又は登録販売者に相談すること,-,"{""basis"":""9錠中"",""ingredients"":[{""name"":""リパーゼAP6"",""id"":null,""amount"":60,""unit"":""mg""},{""name"":""プロザイム6"",""id"":null,""amount"":30,""unit"":""mg""},{""name"":""ビオヂアスターゼ1000"",""id"":""D08705"",""amount"":60,""unit"":""mg""},{""name"":""ウルソデオキシコール酸"",""id"":""D00734"",""amount"":12.6,""unit"":""mg""},{""name"":""炭酸水素ナトリウム"",""id"":""D01203"",""amount"":1530,""unit"":""mg""},{""name"":""合成ヒドロタルサイト"",""id"":""D03238"",""amount"":900,""unit"":""mg""},{""name"":""沈降炭酸カルシウム"",""id"":""D00932"",""amount"":270,""unit"":""mg""},{""name"":""ケイヒ油"",""id"":""D06713"",""amount"":10.4,""unit"":""mg""},{""name"":""レモン油"",""id"":""D04686"",""amount"":4.46,""unit"":""mg""},{""name"":""ウイキョウ油"",""id"":""D04154"",""amount"":1.65,""unit"":""mg""}]}","{""adult_dose"":""3錠×3回"",""daily_dose"":9,""prohibited_age"":""5歳未満""}","{""driving_warning"":"""",""pregnancy_warning"":""妊婦又は妊娠していると思われる人は服用前に医師、薬剤師又は登録販売者に相談すること"",""drug_category"":""制酸・健胃・消化・整腸を2以上標榜するもの"",""category_limit"":5,""packages"":[{""package_type"":""45錠"",""estimated_days"":5,""capacity_judgment"":""小容量""},{""package_type"":""120錠"",""estimated_days"":13.3,""capacity_judgment"":""大容量""},{""package_type"":""300錠"",""estimated_days"":33.3,""capacity_judgment"":""大容量""}]}",近年の多様化した食生活において、加工食品や肉食など脂肪分の多い食事や不規則な食生活が胃に負担をかける機会を増やしています。太田胃散A〈錠剤〉は、胃の中の脂肪分を分解することで胃への負担を和らげ、不快な症状を改善する胃腸薬です。脂肪や肉類を消化するリパーゼAP6、ウルソデオキシコール酸、プロザイム6、ビオヂアスターゼ1000の働きにより、脂っこい食事や食べすぎによる胃のもたれに優れた効果を発揮します。,太田胃散A〈錠剤〉,対象外,"太田漢方胃腸薬Ⅱ：【ストレス性の胃痛・神経性胃炎】に、自律神経を整える安中散加茯苓（粉末タイプ）。
 太田漢方胃腸薬Ⅱ〈錠剤〉：【ストレス性の胃痛・神経性胃炎】に、自律神経を整える安中散加茯苓（錠剤タイプ）。
 太田胃散：【飲みすぎ・胸やけ】に、7種の健胃生薬と胃酸を抑える制酸剤を配合した伝統の「粉末」総合胃腸薬。
 太田胃散A〈錠剤〉：【脂っこい食事の胃もたれ・食べすぎ】に、脂肪やたん白質を強力に分解する4種の消化酵素配合の「錠剤」。
 太田胃散NEXT：【急な食べすぎ・飲みすぎむかつき】に、コンビニでも手軽に買える指定医薬部外品の「粉末」健胃清涼剤。
 太田胃散NEXT錠：【急な食べすぎ・飲みすぎむかつき】に、コンビニでも手軽に買える指定医薬部外品の「小粒錠剤」。
 太田胃散S：【様々な胃の不調・胸やけ】に、味や香りをマイルドにしてより飲みやすくした「缶入り（粉末）」総合胃腸薬。 ","【リパーゼAP6】(妊娠: 未分類 / 授乳: 安全（L1相当）)
脂肪消化酵素。消化管内で食物の消化を助ける働きをし、体内に吸収されないため、妊婦・授乳婦ともに極めて安全性が高い。

【プロザイム6】(妊娠: 未分類（安全） / 授乳: 安全（L1相当）)
タンパク質消化酵素。胃腸内で食物の消化を助けるのみで体内に吸収されないため、妊婦・授乳婦に対する悪影響はなく極めて安全。

【ビオヂアスターゼ1000】(妊娠: 未分類（安全） / 授乳: 安全（L1相当）)
でんぷん・タンパク質複合消化酵素。消化管内で作用し血中へ吸収されないため、妊婦・授乳婦ともに極めて安全に推奨できる。

【ウルソデオキシコール酸】(妊娠: B3 / 授乳: 安全（L2相当）)
胆汁酸成分。動物実験で妊娠初期の大量投与による胎児毒性が報告されているため、妊婦（特に初期）は原則避ける。授乳中の安全性は比較的高い（L2）とされる。

【炭酸水素ナトリウム】(妊娠: A相当 / 授乳: 安全（L1相当）)
制酸薬（太田胃散等に配合）。食品（重曹）としても使われ基本的には安全だが、ナトリウムを含むため、妊娠高血圧症候群の妊婦には過剰摂取（塩分負荷）に注意するよう指導する。

【合成ヒドロタルサイト】(妊娠: 未分類（安全） / 授乳: 安全（L1相当）)
制酸薬。アルミニウムやマグネシウムを含むが、腸管から血中へほとんど吸収されないため、胎児や乳児への影響はなく妊婦・授乳婦ともに安全に推奨できる。

【沈降炭酸カルシウム】(妊娠: A相当 / 授乳: 安全（L1相当）)
制酸薬・カルシウム補給成分。血中への過剰な吸収はなく、カルシウム需要が高まる妊婦・授乳婦にとって極めて安全かつ有益な成分。

【ケイヒ油】(妊娠: 未分類（安全） / 授乳: 安全（L1相当）)
シナモン由来の精油成分。健胃薬の風味付け・薬効成分として微量配合される。食品成分と同等であり母子ともに極めて安全。

【レモン油】(妊娠: 未分類（安全） / 授乳: 安全（L1相当）)
レモン由来の精油成分。香料や健胃目的で微量配合される。食品成分と同等であり母子ともに極めて安全。

【ウイキョウ油】(妊娠: 未分類（安全） / 授乳: 安全（L1相当）)
フェンネル（ハーブ）由来の精油成分。健胃薬として配合される。通常のOTC用量（微量）であれば妊婦・授乳婦ともに安全。",【現場_代替薬提案】<br>本製品は複数の消化酵素、制酸剤、胆汁酸、生薬精油を配合しており、様々な胃の不調（胃もたれ、消化不良、胃痛など）に対応可能です。しかし、特定の症状や患者背景によっては、より単一成分の製剤や、特定の成分を含まない製剤が推奨される場合があります。<br>・<b>制酸剤の使用を避けたい場合</b>：腎臓病、心臓病、高血圧などでナトリウム、アルミニウム、カルシウムの摂取に制限がある場合は、制酸剤を含まない消化酵素主体の製品や、医師の処方による胃酸分泌抑制剤を検討します。<br>・<b>妊娠・授乳中の方</b>：特に妊娠中は使用が推奨されない成分（ウルソデオキシコール酸、多量の精油成分など）を含む可能性のある複合胃腸薬よりも、医師や薬剤師に相談の上、安全性が確立された胃腸薬（例：マグネシウム単剤の制酸剤など）を選ぶことが望ましいです。<br>・<b>特定の相互作用を避けたい場合</b>：他の薬剤との相互作用（特に制酸剤による吸収阻害）を懸念する際は、胃酸の影響を受けにくいタイミングでの服用や、胃酸分泌抑制薬など相互作用の少ない治療法を検討します。<br>・<b>長期連用の場合</b>：胃もたれや消化不良が慢性化している場合は、根本的な原因の特定が必要なため、自己判断での長期連用は避け、医療機関への受診を勧めます。,【現場_服薬指導エビデンス】<br>・<b>妊婦・授乳婦</b>：<br> ・<b>リパーゼAP6、プロザイム6、ビオヂアスターゼ1000</b>：消化酵素製剤は、体内で消化を促進する目的で使用され、通常は消化管内で作用し全身への吸収は限定的です。妊娠中・授乳中の使用については、一般的に比較的安全と考えられますが、データの不足から『要相談』とすることが推奨されます。成育L分類やTGA分類の明確な情報はありません。<br> ・<b>ウルソデオキシコール酸</b>：オーストラリアTGA分類は『B3』です。動物実験で胎児毒性が報告されており、ヒトでは妊娠後期における肝内胆汁うっ滞の治療に使用されることがありますが、通常は医師の厳重な管理下で行われます。OTCでの自己判断による妊娠中の使用は避けるべきです。授乳婦における安全性については、乳汁への移行や乳児への影響に関する十分なデータがないため、『要相談』とします。<br> ・<b>炭酸水素ナトリウム</b>：多量または長期連用により、ナトリウム負荷が増加し、高血圧や浮腫を悪化させる可能性があります。妊娠高血圧症候群の患者には特に注意が必要です。成育L分類やTGA分類の明確な情報はありませんが、必要な場合に短期間の少量使用であれば比較的安全とされます。授乳婦でも同様に、常用量の短期間使用では問題ないと考えられますが、長期・大量使用は避けるべきです。<br> ・<b>合成ヒドロタルサイト</b>：アルミニウムを含有する制酸剤です。妊娠中のアルミニウムの多量摂取は、胎児への影響の可能性が懸念されることがあります。授乳婦では、乳汁へのアルミニウム移行の可能性は低いと考えられますが、腎機能障害のある場合は蓄積のリスクがあります。長期連用は避けるべきです。成育L分類やTGA分類の明確な情報はありません。<br> ・<b>沈降炭酸カルシウム</b>：多量または長期連用により、高カルシウム血症や、他の薬剤の吸収阻害、便秘を招く可能性があります。妊娠中の常用量の短期間使用であれば比較的安全とされますが、成育L分類やTGA分類の明確な情報はありません。授乳婦でも同様に常用量の短期間使用であれば問題ないと考えられます。<br> ・<b>ケイヒ油、レモン油、ウイキョウ油</b>：これらの生薬由来の精油成分は、配合量が微量であり、全身作用は限定的と考えられます。しかし、ケイヒ油は子宮収縮作用、ウイキョウ油はエストロゲン様作用が報告されることがあるため、妊娠初期や妊娠中の高用量摂取は避けるべきとされています。本製品の配合量では通常問題ないと考えられますが、念のため妊娠中・授乳中の使用は『要相談』とすることが望ましいです。<br>・<b>運転・操作</b>：<br> ・本製品に含まれる消化酵素、制酸剤、胆汁酸、生薬由来精油成分のいずれも、眠気、めまい、ふらつきなどの運転や機械操作に影響を及ぼす可能性のある副作用は通常報告されていません。したがって、本製品の服用が運転や機械操作に与える影響は『なし』と考えられます。<br>・<b>禁忌・受診勧奨</b>：<br> ・<b>本製品全般</b>：透析を受けている方、腎臓病、心臓病、高血圧、甲状腺機能障害の診断を受けている方は、制酸剤成分（特に炭酸水素ナトリウム、合成ヒドロタルサイト、沈降炭酸カルシウム）による電解質バランスへの影響や、アルミニウム蓄積のリスクがあるため、服用前に医師または薬剤師に相談するよう指導してください。<br> ・<b>ウルソデオキシコール酸</b>：胆道閉塞、重篤な肝障害、胆嚢炎、胆管炎の患者は禁忌または使用に注意が必要です。また、胆石症の患者も状態によって禁忌となる場合があります。症状が持続する場合は医療機関への受診を勧めてください。<br> ・<b>炭酸水素ナトリウム</b>：重篤な高血圧、心疾患、腎疾患、代謝性アルカローシスのある患者は禁忌または注意が必要です。<br> ・<b>合成ヒドロタルサイト</b>：腎機能障害（特に透析患者）がある場合、アルミニウムの排泄が遅延し、高アルミニウム血症を引き起こす可能性があるため、禁忌または慎重な投与が必要です。<br> ・<b>沈降炭酸カルシウム</b>：高カルシウム血症、腎結石の既往歴がある患者、腎機能障害のある患者は禁忌または注意が必要です。ミルク・アルカリ症候群のリスクもあります。<br> ・<b>長期連用</b>：2週間程度の服用で症状の改善が見られない場合や、症状が悪化する場合は、胃潰瘍や重篤な疾患の可能性もあるため、直ちに医療機関を受診するよう強く勧奨してください。<br>・<b>相互作用</b>：<br> ・<b>制酸剤（炭酸水素ナトリウム、合成ヒドロタルサイト、沈降炭酸カルシウム）</b>：胃内pHを上昇させることで、多くの薬剤の吸収に影響を与える可能性があります。特に、テトラサイクリン系抗生物質、ニューキノロン系抗生物質、鉄剤、甲状腺ホルモン製剤、ジゴキシン、フェニトイン、ケトコナゾール、イトラコナゾールなど、pH依存的に吸収される薬剤との併用時は、効果の減弱や増強が生じる可能性があります。服用はこれらの薬剤と2～3時間以上間隔を空けるよう指導してください。<br> ・<b>合成ヒドロタルサイト</b>：リン酸吸着作用があるため、リン酸制限食の患者がリン酸結合剤として服用している場合は、低リン血症のリスクがあります。また、テトラサイクリン系やニューキノロン系抗生物質とキレートを形成し、吸収を阻害します。<br> ・<b>沈降炭酸カルシウム</b>：高用量・長期連用や牛乳との併用により、高カルシウム血症やミルク・アルカリ症候群を誘発する可能性があります。<br> ・<b>ウルソデオキシコール酸</b>：コレスチラミン、コレセベラムなどの陰イオン交換樹脂との併用により、ウルソデオキシコール酸の吸収が阻害され、効果が減弱する可能性があります。服用間隔を空けることが推奨されます。<br> ・<b>ケイヒ油</b>：微量ながらクマリン類を含有するため、ワルファリンなどの抗凝固剤を服用している場合は、理論上、血液凝固能に影響を与える可能性がゼロではありません。しかし、OTC配合量では臨床的に問題となる可能性は低いと考えられますが、念のため注意喚起は考慮してください。<br> ・<b>アルコール</b>：本製品の成分とアルコールの直接的な薬物相互作用は報告されていませんが、胃の不調の原因となるアルコール摂取は避けるべきです。また、消化酵素はアルコール分解酵素ではないため、二日酔いへの直接的な効果は期待できません。<br>・<b>濫用・MOH</b>：<br> ・本製品に含まれる成分に、身体的・精神的な依存性を引き起こす可能性のある成分や、薬剤乱用頭痛（MOH）を引き起こす可能性のある成分は含まれていません。アッパー/ダウナー分類には該当しません。<br>・<b>ドーピング・毒性</b>：<br> ・<b>ドーピング</b>：本製品に含まれるすべての成分は、世界アンチ・ドーピング機構（WADA）の禁止物質リストに該当する成分は含まれていません。<br> ・<b>毒性</b>：<br>  ・<b>炭酸水素ナトリウム</b>：大量摂取により、代謝性アルカローシス、高ナトリウム血症、浮腫、血圧上昇などの症状を引き起こす可能性があります。<br>  ・<b>合成ヒドロタルサイト</b>：大量摂取により、アルミニウムの蓄積、特に腎機能障害患者では高アルミニウム血症や骨軟化症のリスクがあります。<br>  ・<b>沈降炭酸カルシウム</b>：大量摂取により、高カルシウム血症、腎機能障害、ミルク・アルカリ症候群を引き起こす可能性があります。<br>  ・<b>【要確認】</b>中毒量・致死量等の詳細はPoisindex等の一次資料を参照してください。明確な出典がないため、具体的な数値は記載しません。,"{""成分マトリックス"":[{""成分名"":""リパーゼAP6、プロザイム6、ビオヂアスターゼ1000"",""妊婦・授乳婦"":{""判定"":""〇"",""備考"":""消化酵素製剤は、体内で消化を促進する目的で使用され、通常は消化管内で作用し全身への吸収は限定的です。妊娠中・授乳中の使用については、一般的に比較的安全と考えられますが、データの不足から『要相談』とすることが推奨されます。成育L分類やTGA分類の明確な情報はありません。""}},{""成分名"":""ウルソデオキシコール酸"",""妊婦・授乳婦"":{""判定"":""〇"",""備考"":""(妊娠: B3 / 授乳: 安全（L2相当）) 胆汁酸成分。動物実験で妊娠初期の大量投与による胎児毒性が報告されているため、妊婦（特に初期）は原則避ける。授乳中の安全性は比較的高い（L2）とされる。""},""禁忌・受診勧奨"":{""判定"":""✕"",""備考"":""胆道閉塞、重篤な肝障害、胆嚢炎、胆管炎の患者は禁忌または使用に注意が必要です。また、胆石症の患者も状態によって禁忌となる場合があります。症状が持続する場合は医療機関への受診を勧めてください。""},""相互作用"":{""判定"":""ー"",""備考"":""コレスチラミン、コレセベラムなどの陰イオン交換樹脂との併用により、ウルソデオキシコール酸の吸収が阻害され、効果が減弱する可能性があります。服用間隔を空けることが推奨されます。""}},{""成分名"":""炭酸水素ナトリウム"",""妊婦・授乳婦"":{""判定"":""〇"",""備考"":""(妊娠: A相当 / 授乳: 安全（L1相当）) 制酸薬（太田胃散等に配合）。食品（重曹）としても使われ基本的には安全だが、ナトリウムを含むため、妊娠高血圧症候群の妊婦には過剰摂取（塩分負荷）に注意するよう指導する。""},""禁忌・受診勧奨"":{""判定"":""✕"",""備考"":""重篤な高血圧、心疾患、腎疾患、代謝性アルカローシスのある患者は禁忌または注意が必要です。""},""ドーピング・毒性"":{""判定"":""ー"",""備考"":""大量摂取により、代謝性アルカローシス、高ナトリウム血症、浮腫、血圧上昇などの症状を引き起こす可能性があります。""}},{""成分名"":""合成ヒドロタルサイト"",""妊婦・授乳婦"":{""判定"":""〇"",""備考"":""(妊娠: 未分類（安全） / 授乳: 安全（L1相当）) 制酸薬。アルミニウムやマグネシウムを含むが、腸管から血中へほとんど吸収されないため、胎児や乳児への影響はなく妊婦・授乳婦ともに安全に推奨できる。""},""禁忌・受診勧奨"":{""判定"":""✕"",""備考"":""腎機能障害（特に透析患者）がある場合、アルミニウムの排泄が遅延し、高アルミニウム血症を引き起こす可能性があるため、禁忌または慎重な投与が必要です。""},""相互作用"":{""判定"":""△"",""備考"":""リン酸吸着作用があるため、リン酸制限食の患者がリン酸結合剤として服用している場合は、低リン血症のリスクがあります。また、テトラサイクリン系やニューキノロン系抗生物質とキレートを形成し、吸収を阻害します。""},""ドーピング・毒性"":{""判定"":""△"",""備考"":""大量摂取により、アルミニウムの蓄積、特に腎機能障害患者では高アルミニウム血症や骨軟化症のリスクがあります。""}},{""成分名"":""沈降炭酸カルシウム"",""妊婦・授乳婦"":{""判定"":""〇"",""備考"":""(妊娠: A相当 / 授乳: 安全（L1相当）) 制酸薬・カルシウム補給成分。血中への過剰な吸収はなく、カルシウム需要が高まる妊婦・授乳婦にとって極めて安全かつ有益な成分。""},""禁忌・受診勧奨"":{""判定"":""✕"",""備考"":""高カルシウム血症、腎結石の既往歴がある患者、腎機能障害のある患者は禁忌または注意が必要です。ミルク・アルカリ症候群のリスクもあります。""},""相互作用"":{""判定"":""ー"",""備考"":""高用量・長期連用や牛乳との併用により、高カルシウム血症やミルク・アルカリ症候群を誘発する可能性があります。""},""ドーピング・毒性"":{""判定"":""ー"",""備考"":""大量摂取により、高カルシウム血症、腎機能障害、ミルク・アルカリ症候群を引き起こす可能性があります。""}},{""成分名"":""ケイヒ油、レモン油、ウイキョウ油"",""妊婦・授乳婦"":{""判定"":""△"",""備考"":""これらの生薬由来の精油成分は、配合量が微量であり、全身作用は限定的と考えられます。しかし、ケイヒ油は子宮収縮作用、ウイキョウ油はエストロゲン様作用が報告されることがあるため、妊娠初期や妊娠中の高用量摂取は避けるべきとされています。本製品の配合量では通常問題ないと考えられますが、念のため妊娠中・授乳中の使用は『要相談』とすることが望ましいです。""}},{""成分名"":""本製品全般"",""禁忌・受診勧奨"":{""判定"":""△"",""備考"":""透析を受けている方、腎臓病、心臓病、高血圧、甲状腺機能障害の診断を受けている方は、制酸剤成分（特に炭酸水素ナトリウム、合成ヒドロタルサイト、沈降炭酸カルシウム）による電解質バランスへの影響や、アルミニウム蓄積のリスクがあるため、服用前に医師または薬剤師に相談するよう指導してください。""}},{""成分名"":""長期連用"",""禁忌・受診勧奨"":{""判定"":""ー"",""備考"":""2週間程度の服用で症状の改善が見られない場合や、症状が悪化する場合は、胃潰瘍や重篤な疾患の可能性もあるため、直ちに医療機関を受診するよう強く勧奨してください。""}},{""成分名"":""制酸剤（炭酸水素ナトリウム、合成ヒドロタルサイト、沈降炭酸カルシウム）"",""相互作用"":{""判定"":""△"",""備考"":""胃内pHを上昇させることで、多くの薬剤の吸収に影響を与える可能性があります。特に、テトラサイクリン系抗生物質、ニューキノロン系抗生物質、鉄剤、甲状腺ホルモン製剤、ジゴキシン、フェニトイン、ケトコナゾール、イトラコナゾールなど、pH依存的に吸収される薬剤との併用時は、効果の減弱や増強が生じる可能性があります。服用はこれらの薬剤と2～3時間以上間隔を空けるよう指導してください。""}},{""成分名"":""ケイヒ油"",""相互作用"":{""判定"":""〇"",""備考"":""微量ながらクマリン類を含有するため、ワルファリンなどの抗凝固剤を服用している場合は、理論上、血液凝固能に影響を与える可能性がゼロではありません。しかし、OTC配合量では臨床的に問題となる可能性は低いと考えられますが、念のため注意喚起は考慮してください。""},""妊婦・授乳婦"":{""判定"":""〇"",""備考"":""(妊娠: 未分類（安全） / 授乳: 安全（L1相当）) シナモン由来の精油成分。健胃薬の風味付け・薬効成分として微量配合される。食品成分と同等であり母子ともに極めて安全。""}},{""成分名"":""アルコール"",""相互作用"":{""判定"":""ー"",""備考"":""本製品の成分とアルコールの直接的な薬物相互作用は報告されていませんが、胃の不調の原因となるアルコール摂取は避けるべきです。また、消化酵素はアルコール分解酵素ではないため、二日酔いへの直接的な効果は期待できません。""}},{""成分名"":""ドーピング"",""ドーピング・毒性"":{""判定"":""ー"",""備考"":""本製品に含まれるすべての成分は、世界アンチ・ドーピング機構（WADA）の禁止物質リストに該当する成分は含まれていません。""}},{""成分名"":""毒性"",""ドーピング・毒性"":{""判定"":""ー"",""備考"":""""}},{""成分名"":""リパーゼAP6"",""妊婦・授乳婦"":{""判定"":""〇"",""備考"":""(妊娠: 未分類 / 授乳: 安全（L1相当）) 脂肪消化酵素。消化管内で食物の消化を助ける働きをし、体内に吸収されないため、妊婦・授乳婦ともに極めて安全性が高い。""}},{""成分名"":""プロザイム6"",""妊婦・授乳婦"":{""判定"":""〇"",""備考"":""(妊娠: 未分類（安全） / 授乳: 安全（L1相当）) タンパク質消化酵素。胃腸内で食物の消化を助けるのみで体内に吸収されないため、妊婦・授乳婦に対する悪影響はなく極めて安全。""}},{""成分名"":""ビオヂアスターゼ1000"",""妊婦・授乳婦"":{""判定"":""〇"",""備考"":""(妊娠: 未分類（安全） / 授乳: 安全（L1相当）) でんぷん・タンパク質複合消化酵素。消化管内で作用し血中へ吸収されないため、妊婦・授乳婦ともに極めて安全に推奨できる。""}},{""成分名"":""レモン油"",""妊婦・授乳婦"":{""判定"":""〇"",""備考"":""(妊娠: 未分類（安全） / 授乳: 安全（L1相当）) レモン由来の精油成分。香料や健胃目的で微量配合される。食品成分と同等であり母子ともに極めて安全。""}},{""成分名"":""ウイキョウ油"",""妊婦・授乳婦"":{""判定"":""〇"",""備考"":""(妊娠: 未分類（安全） / 授乳: 安全（L1相当）) フェンネル（ハーブ）由来の精油成分。健胃薬として配合される。通常のOTC用量（微量）であれば妊婦・授乳婦ともに安全。""}}]}"
2026/07/07 1:24:39,4,15才未満の小児および乳幼児,妊婦または妊娠していると思われる人、授乳中の人は服用前に医師、薬剤師または登録販売者に相談すること,-,"{""basis"":""2錠中"",""ingredients"":[{""name"":""クロルゾキサゾン"",""id"":""D00771"",""amount"":300,""unit"":""mg""},{""name"":""エテンザミド"",""id"":""D01466"",""amount"":300,""unit"":""mg""},{""name"":""カフェイン水和物"",""id"":""D01453"",""amount"":50,""unit"":""mg""}]}","{""adult_dose"":""1～2錠×2回"",""daily_dose"":4,""prohibited_age"":""15才未満の小児および乳幼児""}","{""driving_warning"":""運転禁止"",""pregnancy_warning"":""妊婦または妊娠していると思われる人、授乳中の人は服用前に医師、薬剤師または登録販売者に相談すること"",""drug_category"":""その他の精神神経用薬"",""category_limit"":5,""packages"":[{""package_type"":""12錠"",""estimated_days"":3,""capacity_judgment"":""小容量""},{""package_type"":""16錠"",""estimated_days"":4,""capacity_judgment"":""小容量""}]}",コリホグスは、つらい肩こりや首筋の痛み、腰痛、背痛などを内側からしっかり、すばやく鎮める内服薬です。筋肉弛緩成分クロルゾキサゾンが硬直した筋肉をゆるめ、痛み止め成分エテンザミドがつらい痛みを和らげます。捻挫、打ち身、神経痛、リウマチ性疼痛、四十肩、関節痛、筋炎、腱炎にも効果があります。,コリホグス,△,【指定対象外】だが、中枢抑制作用を持つため、アルコールやベンゾ系との併用･ODで重篤な呼吸抑制・昏睡を招く,"【⚠️レッドフラッグあり：現場確認必須】

【クロルゾキサゾン】(妊娠: 未分類 / 授乳: 相談・注意（L3相当）)
中枢性筋弛緩薬（コリホグス等に配合）。ヒトでの安全性が完全に確立しておらず、乳児への移行性も不明なため、妊婦・授乳婦への使用は原則として避ける（外用薬の湿布等への変更を提案する）。

【エテンザミド】(妊娠: C / 授乳: 相談・注意（L3相当）)
サリチル酸系に属するため、妊娠後期（28週以降）の使用は動脈管早期閉鎖などのリスクとなり禁忌。アセトアミノフェン単剤への切り替えを強く推奨するレッドフラッグ成分。

【カフェイン水和物】(妊娠: A相当 / 授乳: 安全（L2相当）)
鎮痛補助成分。無水カフェインと同様、OTCの通常用量（1回50mg程度）であれば妊婦・授乳婦ともに安全。ただし、コーヒー等からの過剰摂取（1日200〜300mg以上）には注意を促す。",【現場_代替薬提案】<br>コリホグスは筋弛緩成分（クロルゾキサゾン）を含むため、眠気やふらつきのリスクがあります。対象患者の状況に応じて以下の代替品・代替成分を提案してください。<br>・<b>眠気や運転への影響を避けたい場合</b>：筋弛緩薬を含まないアセトアミノフェン単剤（例：タイレノールA）や、非ステロイド性抗炎症薬（NSAIDs）単剤（例：ロキソニンS、イブA錠など）を検討してください。筋弛緩効果が必要な場合は、経口薬ではなく温湿布や外用鎮痛消炎薬（例：フェルビナク、ロキソプロフェン貼付剤など）の利用も一案です。<br>・<b>妊婦・授乳婦</b>：筋弛緩薬であるクロルゾキサゾン、そしてサリチル酸系であるエテンザミドは妊娠中・授乳中に推奨されません。解熱鎮痛剤としてはアセトアミノフェンが比較的選択肢となりますが、必ずかかりつけ医にご相談いただくよう強く勧めてください。物理療法（温湿布、ストレッチなど）も選択肢です。<br>・<b>高齢者</b>：筋弛緩作用による転倒リスクや、肝・腎機能への影響、カフェインによる不眠・動悸リスクを考慮し、可能な限り単一成分でリスクの低いもの（例：アセトアミノフェン）や外用薬を検討し、医師・薬剤師にご相談ください。<br>・<b>基礎疾患（肝機能障害、腎機能障害、消化性潰瘍、心疾患など）がある場合</b>：各成分の禁忌・慎重投与を考慮し、必ず医師・薬剤師に相談の上で、より安全性の高い代替薬や治療法を検討してください。,【現場_服薬指導エビデンス】<br>・<b>妊婦・授乳婦</b>：<br> ・<b>クロルゾキサゾン</b>：妊娠中の安全性は確立されておらず、動物実験で胎児毒性が示唆される報告もあります。中枢神経抑制作用が胎児に影響を及ぼす可能性も否定できないため、妊娠初期・後期を問わず、使用は避けるべきです。授乳婦においても乳汁移行の可能性があり、乳児への影響（傾眠、哺乳力低下など）が懸念されるため、授乳中の使用は推奨されません。使用する場合は授乳を中止するか、より安全な代替薬を検討してください。<br> ・<b>エテンザミド</b>：サリチル酸系（NSAIDsに準じる）のため、特に妊娠後期（妊娠28週以降）の服用は胎児の動脈管収縮・閉鎖、胎児腎機能障害、羊水過少症を引き起こすリスクがあるため禁忌です。妊娠初期・中期もNSAIDsと同様に、可能な限り使用を避けるべきとされています。成育医療センターのL分類での明確な記載は確認できませんが、NSAIDs一般に準じて慎重な判断が必要です。授乳婦における乳汁移行の可能性があり、乳児への安全性は確立されていません。リスクを考慮し可能な限り避けるべきです。<br> ・<b>カフェイン水和物</b>：妊娠中の大量摂取は低出生体重児、流産リスク増加が示唆されています。市販薬の用法用量を守る限り過剰摂取にはなりにくいものの、他のカフェイン含有食品・飲料との併用で総摂取量が増えるリスクがあるため注意が必要です。成育医療センターの評価では「L2」または「L3」とされることが多いです。授乳婦においては乳汁移行し、乳児に興奮、不眠、易刺激性などを引き起こす可能性があります。特に新生児期は代謝能力が低いため注意し、摂取量を制限するか、乳児の様子を観察してください。<br>・<b>運転・操作</b>：<br> ・<b>クロルゾキサゾン</b>：強い中枢神経抑制作用（眠気、めまい、ふらつき等）を引き起こす可能性があるため、本剤服用中は自動車の運転、機械の操作は絶対に避けるよう指導してください。作用は服用後比較的早期に現れ、半減期は1～2時間程度ですが、効果が持続する間は注意が必要です。<br> ・<b>エテンザミド</b>：一般的に運転への直接的な影響は少ないとされますが、稀に眠気やめまいを訴える者もいるため、念のため注意喚起が望ましいです。<br> ・<b>カフェイン水和物</b>：眠気を軽減する作用がありますが、過剰摂取は神経過敏や振戦を引き起こす可能性があり、運転に影響を及ぼす可能性も否定できません。ただし、本製品の配合量では通常、覚醒効果が主です。<br> ・<b>総合</b>：主にクロルゾキサゾンの影響により、本製品服用中の運転・機械操作は厳禁です。<br>・<b>禁忌・受診勧奨</b>：<br> ・<b>クロルゾキサゾン</b>：『禁忌』：本剤の成分に対し過敏症の既往歴のある患者、重篤な肝・腎機能障害のある患者。『慎重投与』：肝・腎機能障害のある患者、高齢者（転倒リスク）、痙攣性疾患の患者、アルコールを常用する患者。<br> ・<b>エテンザミド</b>：『禁忌』：本剤の成分に対し過敏症の既往歴のある患者、消化性潰瘍のある患者、重篤な血液異常、肝・腎機能障害、心機能不全のある患者、アスピリン喘息またはその既往歴のある患者、妊娠後期。『慎重投与』：気管支喘息、アレルギー体質、消化性潰瘍の既往、血液異常、肝・腎機能障害、心機能不全、高齢者、てんかん。<br> ・<b>カフェイン水和物</b>：『禁忌』：本剤の成分に対し過敏症の既往歴のある患者。『慎重投与』：心疾患、不眠症、胃潰瘍、緑内障、肝機能障害のある患者。<br> ・<b>レッドフラッグ・受診勧奨</b>：症状が改善しない場合や悪化する場合、発疹、かゆみ、黄疸、消化器症状（胃痛、吐き気、黒色便など）、呼吸困難などの副作用が出た場合は、直ちに医療機関を受診するよう勧めてください。特に、高熱、激しい痛み、広範囲の痛み、神経症状（しびれ、麻痺）、外傷後の痛みなど、市販薬では対応できない症状の場合は、すぐに医療機関を受診するよう指導が必要です。<br>・<b>相互作用</b>：<br> ・<b>クロルゾキサゾン</b>：『アルコール』：中枢神経抑制作用が増強され、眠気、めまい、ふらつき、運動失調などが強く現れる可能性があるため、併用は厳禁です。『中枢神経抑制薬』：鎮静剤、抗不安薬、睡眠薬、抗ヒスタミン作用のあるOTC風邪薬などとの併用で、中枢神経抑制作用が増強される可能性があるため注意が必要です。『CYP2E1誘導剤』：代謝酵素の誘導により、効果が減弱する可能性があります。<br> ・<b>エテンザミド</b>：『抗凝固薬（ワルファリンなど）』：出血傾向が増強される可能性があるため、併用注意です。『経口血糖降下薬』：血糖降下作用が増強される可能性があるため、併用注意です。『他のNSAIDs』：消化器系副作用や腎機能障害のリスクが増加するため、併用は避けるべきです。『アルコール』：消化器系副作用（胃腸障害）のリスクが増加する可能性があります。<br> ・<b>カフェイン水和物</b>：『他のカフェイン含有薬・食品』：過剰摂取により、不眠、動悸、頭痛、神経過敏などの副作用が発現するリスクが高まります。『CYP1A2阻害剤（シメチジン、フルボキサミン、経口避妊薬など）』：カフェインの代謝が遅延し、血中濃度が上昇し副作用のリスクが高まります。『エフェドリン等の交感神経興奮薬』：併用により中枢興奮作用、心血管系への影響が増強される可能性があります。『アルコール』：カフェインによる覚醒作用でアルコールの影響を感じにくくなり、過剰摂取につながるリスクがあるため注意が必要です。<br> ・<b>総合</b>：アルコールとの併用は中枢神経抑制作用と消化器系副作用のリスクを増大させるため、避けるべきです。他の鎮痛剤、風邪薬、鎮静剤など、OTC薬も含めた併用薬の確認が必須です。<br>・<b>濫用・MOH</b>：<br> ・<b>クロルゾキサゾン</b>：中枢神経抑制作用があるため『ダウナー』に分類されます。長期連用により精神的依存が生じる可能性が報告されており、急な中止による離脱症状（振戦、不安、幻覚など）の可能性も考慮し、適量・適正期間での使用が重要です。漫然とした使用は避けるべきです。<br> ・<b>エテンザミド</b>：明確なアッパー/ダウナー分類には該当しません。NSAIDs乱用による薬剤乱用頭痛（MOH）のリスクは報告されており、エテンザミドも長期連用・過量服用によりMOHを引き起こす可能性は否定できません。特に、頭痛薬の成分を含む本製品を慢性的な頭痛に対して使用する場合、MOHのリスクに注意が必要です。<br> ・<b>カフェイン水和物</b>：中枢神経興奮作用があるため『アッパー』に分類されます。長期的な過量摂取により身体的・精神的依存が生じる可能性があります。中止により離脱症状（頭痛、疲労感、集中力低下など）が起こりうるため、用法・用量を守り、漫然とした使用は避けるべきです。<br> ・<b>総合</b>：本製品はクロルゾキサゾンによる依存性、エテンザミド・カフェインによる薬剤乱用頭痛（MOH）のリスクがあるため、用法・用量を厳守し、長期連用を避けるよう指導が極めて重要です。<br>・<b>ドーピング・毒性</b>：<br> ・<b>クロルゾキサゾン</b>：WADA（世界アンチ・ドーピング機構）の禁止物質リストには含まれていません。<br> ・<b>エテンザミド</b>：WADAの禁止物質リストには含まれていません。<br> ・<b>カフェイン水和物</b>：WADAの禁止物質リストには含まれていませんが、2004年以降は監視プログラム（Monitoring Program）の対象となっています。競技によっては個別規定がある場合があるため、アスリートは自身で確認が必要です。『毒性（中毒量）』：成人における単回中毒量の一例として、500mg〜1g以上で吐き気、動悸、不眠、神経過敏などの症状が出現し始めるとされます。致死量は約10g以上が目安とされることがありますが、『【要確認】中毒量・致死量等の詳細はPoisindex等の一次資料を参照』。本製品2錠（50mg）の配合量では中毒量には至りませんが、他のカフェイン含有物との併用で総摂取量が増える可能性に注意が必要です。,"{""成分マトリックス"":[{""成分名"":""クロルゾキサゾン"",""妊婦・授乳婦"":{""判定"":""〇"",""備考"":""(妊娠: 未分類 / 授乳: 相談・注意（L3相当）) 中枢性筋弛緩薬（コリホグス等に配合）。ヒトでの安全性が完全に確立しておらず、乳児への移行性も不明なため、妊婦・授乳婦への使用は原則として避ける（外用薬の湿布等への変更を提案する）。""},""運転・操作"":{""判定"":""✕"",""備考"":""強い中枢神経抑制作用（眠気、めまい、ふらつき等）を引き起こす可能性があるため、本剤服用中は自動車の運転、機械の操作は絶対に避けるよう指導してください。作用は服用後比較的早期に現れ、半減期は1～2時間程度ですが、効果が持続する間は注意が必要です。""},""禁忌・受診勧奨"":{""判定"":""✕"",""備考"":""『禁忌』：本剤の成分に対し過敏症の既往歴のある患者、重篤な肝・腎機能障害のある患者。『慎重投与』：肝・腎機能障害のある患者、高齢者（転倒リスク）、痙攣性疾患の患者、アルコールを常用する患者。""},""相互作用"":{""判定"":""△"",""備考"":""『アルコール』：中枢神経抑制作用が増強され、眠気、めまい、ふらつき、運動失調などが強く現れる可能性があるため、併用は厳禁です。『中枢神経抑制薬』：鎮静剤、抗不安薬、睡眠薬、抗ヒスタミン作用のあるOTC風邪薬などとの併用で、中枢神経抑制作用が増強される可能性があるため注意が必要です。『CYP2E1誘導剤』：代謝酵素の誘導により、効果が減弱する可能性があります。""},""濫用・MOH"":{""判定"":""△"",""備考"":""中枢神経抑制作用があるため『ダウナー』に分類されます。長期連用により精神的依存が生じる可能性が報告されており、急な中止による離脱症状（振戦、不安、幻覚など）の可能性も考慮し、適量・適正期間での使用が重要です。漫然とした使用は避けるべきです。""},""ドーピング・毒性"":{""判定"":""ー"",""備考"":""WADA（世界アンチ・ドーピング機構）の禁止物質リストには含まれていません。""}},{""成分名"":""エテンザミド"",""妊婦・授乳婦"":{""判定"":""✕"",""備考"":""(妊娠: C / 授乳: 相談・注意（L3相当）) サリチル酸系に属するため、妊娠後期（28週以降）の使用は動脈管早期閉鎖などのリスクとなり禁忌。アセトアミノフェン単剤への切り替えを強く推奨するレッドフラッグ成分。""},""運転・操作"":{""判定"":""△"",""備考"":""一般的に運転への直接的な影響は少ないとされますが、稀に眠気やめまいを訴える者もいるため、念のため注意喚起が望ましいです。""},""禁忌・受診勧奨"":{""判定"":""✕"",""備考"":""『禁忌』：本剤の成分に対し過敏症の既往歴のある患者、消化性潰瘍のある患者、重篤な血液異常、肝・腎機能障害、心機能不全のある患者、アスピリン喘息またはその既往歴のある患者、妊娠後期。『慎重投与』：気管支喘息、アレルギー体質、消化性潰瘍の既往、血液異常、肝・腎機能障害、心機能不全、高齢者、てんかん。""},""相互作用"":{""判定"":""△"",""備考"":""『抗凝固薬（ワルファリンなど）』：出血傾向が増強される可能性があるため、併用注意です。『経口血糖降下薬』：血糖降下作用が増強される可能性があるため、併用注意です。『他のNSAIDs』：消化器系副作用や腎機能障害のリスクが増加するため、併用は避けるべきです。『アルコール』：消化器系副作用（胃腸障害）のリスクが増加する可能性があります。""},""濫用・MOH"":{""判定"":""△"",""備考"":""明確なアッパー/ダウナー分類には該当しません。NSAIDs乱用による薬剤乱用頭痛（MOH）のリスクは報告されており、エテンザミドも長期連用・過量服用によりMOHを引き起こす可能性は否定できません。特に、頭痛薬の成分を含む本製品を慢性的な頭痛に対して使用する場合、MOHのリスクに注意が必要です。""},""ドーピング・毒性"":{""判定"":""ー"",""備考"":""WADAの禁止物質リストには含まれていません。""}},{""成分名"":""カフェイン水和物"",""妊婦・授乳婦"":{""判定"":""〇"",""備考"":""(妊娠: A相当 / 授乳: 安全（L2相当）) 鎮痛補助成分。無水カフェインと同様、OTCの通常用量（1回50mg程度）であれば妊婦・授乳婦ともに安全。ただし、コーヒー等からの過剰摂取（1日200〜300mg以上）には注意を促す。""},""運転・操作"":{""判定"":""ー"",""備考"":""眠気を軽減する作用がありますが、過剰摂取は神経過敏や振戦を引き起こす可能性があり、運転に影響を及ぼす可能性も否定できません。ただし、本製品の配合量では通常、覚醒効果が主です。""},""禁忌・受診勧奨"":{""判定"":""✕"",""備考"":""『禁忌』：本剤の成分に対し過敏症の既往歴のある患者。『慎重投与』：心疾患、不眠症、胃潰瘍、緑内障、肝機能障害のある患者。""},""相互作用"":{""判定"":""△"",""備考"":""『他のカフェイン含有薬・食品』：過剰摂取により、不眠、動悸、頭痛、神経過敏などの副作用が発現するリスクが高まります。『CYP1A2阻害剤（シメチジン、フルボキサミン、経口避妊薬など）』：カフェインの代謝が遅延し、血中濃度が上昇し副作用のリスクが高まります。『エフェドリン等の交感神経興奮薬』：併用により中枢興奮作用、心血管系への影響が増強される可能性があります。『アルコール』：カフェインによる覚醒作用でアルコールの影響を感じにくくなり、過剰摂取につながるリスクがあるため注意が必要です。""},""濫用・MOH"":{""判定"":""△"",""備考"":""中枢神経興奮作用があるため『アッパー』に分類されます。長期的な過量摂取により身体的・精神的依存が生じる可能性があります。中止により離脱症状（頭痛、疲労感、集中力低下など）が起こりうるため、用法・用量を守り、漫然とした使用は避けるべきです。""},""ドーピング・毒性"":{""判定"":""△"",""備考"":""WADAの禁止物質リストには含まれていませんが、2004年以降は監視プログラム（Monitoring Program）の対象となっています。競技によっては個別規定がある場合があるため、アスリートは自身で確認が必要です。『毒性（中毒量）』：成人における単回中毒量の一例として、500mg〜1g以上で吐き気、動悸、不眠、神経過敏などの症状が出現し始めるとされます。致死量は約10g以上が目安とされることがありますが、『【要確認】中毒量・致死量等の詳細はPoisindex等の一次資料を参照』。本製品2錠（50mg）の配合量では中毒量には至りませんが、他のカフェイン含有物との併用で総摂取量が増える可能性に注意が必要です。""}},{""成分名"":""総合"",""運転・操作"":{""判定"":""ー"",""備考"":""主にクロルゾキサゾンの影響により、本製品服用中の運転・機械操作は厳禁です。""},""相互作用"":{""判定"":""△"",""備考"":""アルコールとの併用は中枢神経抑制作用と消化器系副作用のリスクを増大させるため、避けるべきです。他の鎮痛剤、風邪薬、鎮静剤など、OTC薬も含めた併用薬の確認が必須です。""},""濫用・MOH"":{""判定"":""△"",""備考"":""本製品はクロルゾキサゾンによる依存性、エテンザミド・カフェインによる薬剤乱用頭痛（MOH）のリスクがあるため、用法・用量を厳守し、長期連用を避けるよう指導が極めて重要です。""}},{""成分名"":""レッドフラッグ・受診勧奨"",""禁忌・受診勧奨"":{""判定"":""ー"",""備考"":""症状が改善しない場合や悪化する場合、発疹、かゆみ、黄疸、消化器症状（胃痛、吐き気、黒色便など）、呼吸困難などの副作用が出た場合は、直ちに医療機関を受診するよう勧めてください。特に、高熱、激しい痛み、広範囲の痛み、神経症状（しびれ、麻痺）、外傷後の痛みなど、市販薬では対応できない症状の場合は、すぐに医療機関を受診するよう指導が必要です。""}}]}"
2026/07/07 1:28:19,3,15才未満,授乳中の人は服用を避けること。妊婦または妊娠していると思われる人は服用前に医師、薬剤師等に相談すること。,"ブロモバレリル尿素,ジフェンヒドラミン","{""basis"":""3錠中"",""ingredients"":[{""name"":""ブロモバレリル尿素"",""id"":""D01391"",""amount"":250,""unit"":""mg""},{""name"":""アリルイソプロピルアセチル尿素"",""id"":""D03975"",""amount"":150,""unit"":""mg""},{""name"":""ジフェンヒドラミン塩酸塩"",""id"":""D00669"",""amount"":25,""unit"":""mg""}]}","{""adult_dose"":""1錠×3回"",""daily_dose"":3,""prohibited_age"":""15才未満""}","{""driving_warning"":""運転禁止"",""pregnancy_warning"":""授乳中の人は服用を避けること。妊婦または妊娠していると思われる人は服用前に医師、薬剤師等に相談すること。"",""drug_category"":""催眠鎮静薬"",""category_limit"":5,""packages"":[{""package_type"":""9錠"",""estimated_days"":3,""capacity_judgment"":""小容量""},{""package_type"":""12錠"",""estimated_days"":4,""capacity_judgment"":""小容量""}]}",現代社会のストレスにより引き起こされる精神の興奮や神経衰弱、頭痛などの神経症状を鎮静することを目的とした薬です。様々な神経症状に作用し、鎮静を必要とする諸症に効果を発揮します。,ウット,〇,【激しい興奮・自律神経の乱れ】に、尿素系2種を高濃度で配合した、中枢を強力に抑える精神鎮静薬。極めて精神依存の標的になりやすい,"【⚠️レッドフラッグあり：現場確認必須】

【ブロモバレリル尿素】(妊娠: D相当 / 授乳: 危険（L4相当）)
依存性や乳児への移行による鎮静（傾眠・呼吸抑制）リスクが高いため、妊婦・授乳婦ともに原則使用を避けるべきダウナー系レッドフラッグ成分。

【アリルイソプロピルアセチル尿素】(妊娠: 未分類（禁忌） / 授乳: 危険（L4相当）)
鎮静成分（イブA錠やノーシンピュア等に配合）。乳児への移行による過鎮静（傾眠）リスクがあるため授乳中は避ける。妊婦にも胎児への影響を考慮し、鎮静成分を含まない鎮痛薬（タイレノールA等）への変更を必ず提案すべきレッドフラッグ成分。

【ジフェンヒドラミン塩酸塩】(妊娠: A / 授乳: 相談・注意（L2〜L3相当）)
睡眠改善薬（ドリエル等）や風邪薬に含有。妊娠中の短期使用は可能だが、授乳中は乳児への移行による過鎮静（傾眠）や母乳分泌低下リスクがあるため連用は避ける。",【現場_代替薬提案】<br>ウットは、強い鎮静作用を持つ成分（ブロモバレリル尿素、アリルイソプロピルアセチル尿素、ジフェンヒドラミン塩酸塩）を複数含むため、以下の患者様には不適であり、より安全性の高い代替品や代替成分を提案することが重要です。<br>・妊婦、授乳婦<br>・自動車運転等危険な機械の操作を伴う方<br>・緑内障、前立腺肥大症等の基礎疾患を持つ方<br>・高齢者<br>代替薬としては、非薬物療法（リラックスできる環境作り、十分な睡眠、生活習慣の改善、ストレス管理、カウンセリングなど）を優先的に提案すべきです。<br>OTC医薬品では、漢方薬（例：柴胡加竜骨牡蛎湯、抑肝散など）や、生薬成分のみの製品（例：バレリアンなど）を検討し、ノンカフェインのハーブティーなども提案可能です。<br>症状が持続する場合や、精神的な不調が強い場合は、速やかに心療内科や精神科などの医療機関への受診勧奨を最優先とします。,【現場_服薬指導エビデンス】<br>・<b>妊婦・授乳婦</b>：<br> ・<b>ブロモバレリル尿素</b>：妊婦への安全性は確立しておらず、胎児への影響（催奇形性、新生児の鎮静作用）が懸念されるため、使用は避けるべきです。授乳婦においても乳汁への移行が報告されており、新生児に鎮静作用やブロム中毒を誘発する可能性があるため、使用は避けるべきです。<br> ・<b>アリルイソプロピルアセチル尿素</b>：妊婦への安全性は確立しておらず、胎児への影響が懸念されるため、使用は避けるべきです。授乳婦においても、乳汁への移行により乳児に影響を与える可能性があるため、使用は避けるべきです。<br> ・<b>ジフェンヒドラミン塩酸塩</b>：妊婦への使用は、必要最小限とするべきであり、本製品は他の強い鎮静成分を複合しているため、総合的に使用は避けるべきです。授乳婦においては、乳汁に移行し、乳児に眠気、不機嫌、興奮、呼吸抑制などを引き起こす可能性があるため、使用は避けるべきです。<br>・<b>運転・操作</b>：<br> ・<b>ブロモバレリル尿素</b>：中枢神経抑制作用が強く、眠気、めまい、ふらつきなどを引き起こす可能性があるため、本剤服用中の自動車の運転や機械の操作は絶対に避けるべきです。<br> ・<b>アリルイソプロピルアセチル尿素</b>：中枢神経抑制作用が強く、眠気、めまい、ふらつきなどを引き起こす可能性があるため、本剤服用中の自動車の運転や機械の操作は絶対に避けるべきです。<br> ・<b>ジフェンヒドラミン塩酸塩</b>：強い眠気を催すことがあるため、本剤服用中の自動車の運転や機械の操作は絶対に避けるべきです。<br>・<b>禁忌・受診勧奨</b>：<br> ・<b>製品全体</b>：本剤は、閉塞隅角緑内障、前立腺肥大症等の下部尿路閉塞性疾患（ジフェンヒドラミンの抗コリン作用による）、てんかん、急性ポルフィリン症の患者には禁忌です。また、アルコールを摂取している間は服用しないこと。長期連用は依存性やブロム中毒のリスクがあるため、連用せず、症状が改善しない場合は速やかに医療機関（心療内科等）を受診するよう強く勧奨します。<br> ・<b>ブロモバレリル尿素</b>：肝機能障害や腎機能障害のある患者には慎重な投与が必要です。<br> ・<b>アリルイソプロピルアセチル尿素</b>：肝機能障害や腎機能障害のある患者には慎重な投与が必要です。<br> ・<b>ジフェンヒドラミン塩酸塩</b>：閉塞隅角緑内障の患者、前立腺肥大等下部尿路閉塞性疾患の患者、新生児・低出生体重児、授乳婦には禁忌です。<br>・<b>相互作用</b>：<br> ・<b>ブロモバレリル尿素</b>：アルコール、その他の中枢神経抑制剤（鎮静剤、催眠剤、抗不安剤、抗ヒスタミン剤、麻酔薬など）との併用により、中枢神経抑制作用が増強される可能性があるため、併用は避けるべきです。<br> ・<b>アリルイソプロピルアセチル尿素</b>：アルコール、その他の中枢神経抑制剤（鎮静剤、催眠剤、抗不安剤、抗ヒスタミン剤、抗コリン薬、麻酔薬など）との併用により、中枢神経抑制作用が増強される可能性があるため、併用は避けるべきです。<br> ・<b>ジフェンヒドラミン塩酸塩</b>：アルコール、その他の中枢神経抑制剤（鎮静剤、催眠剤、抗不安剤、抗ヒスタミン剤、麻酔薬など）との併用により、中枢神経抑制作用が増強される可能性があるため、併用は避けるべきです。MAO阻害薬との併用により、抗コリン作用が増強される可能性があるため注意が必要です。<br>・<b>濫用・MOH</b>：<br> ・<b>ブロモバレリル尿素</b>：依存性が報告されており、長期連用や大量摂取により精神的・身体的依存を形成するリスクがあるため注意が必要です。また、慢性の使用によりブロム中毒（精神神経症状、皮膚症状など）のリスクもあります。<br> ・<b>アリルイソプロピルアセチル尿素</b>：依存性が報告されており、長期連用や大量摂取により精神的・身体的依存を形成するリスクがあるため注意が必要です。<br> ・<b>ジフェンヒドラミン塩酸塩</b>：単独での依存性は低いですが、過量摂取により抗コリン性症候群（せん妄、幻覚、頻脈、散瞳など）を来すことがあります。本製品は鎮静成分が複合されているため、濫用により強い精神作用が発現するリスクが高まります。薬剤乱用頭痛（MOH）のリスクは通常報告されていませんが、連用による頭痛の誘発は否定できません。<br>・<b>ドーピング・毒性</b>：<br> ・<b>ブロモバレリル尿素</b>：WADA（世界アンチ・ドーピング機構）の禁止薬物リストには直接記載されていませんが、中枢神経抑制作用を持つため、競技によっては使用が制限される場合があります。代謝物によっては影響の可能性も考慮し、競技者は注意が必要です。中毒量・致死量等の詳細はPoisindex等の一次資料を参照。<br> ・<b>アリルイソプロピルアセチル尿素</b>：WADAの禁止薬物リストには直接記載されていません。中毒量・致死量等の詳細はPoisindex等の一次資料を参照。<br> ・<b>ジフェンヒドラミン塩酸塩</b>：WADAの禁止薬物リストには通常含まれません。中毒量・致死量等の詳細はPoisindex等の一次資料を参照。,"{""成分マトリックス"":[{""成分名"":""ブロモバレリル尿素"",""妊婦・授乳婦"":{""判定"":""✕"",""備考"":""(妊娠: D相当 / 授乳: 危険（L4相当）) 依存性や乳児への移行による鎮静（傾眠・呼吸抑制）リスクが高いため、妊婦・授乳婦ともに原則使用を避けるべきダウナー系レッドフラッグ成分。""},""運転・操作"":{""判定"":""✕"",""備考"":""中枢神経抑制作用が強く、眠気、めまい、ふらつきなどを引き起こす可能性があるため、本剤服用中の自動車の運転や機械の操作は絶対に避けるべきです。""},""禁忌・受診勧奨"":{""判定"":""△"",""備考"":""肝機能障害や腎機能障害のある患者には慎重な投与が必要です。""},""相互作用"":{""判定"":""ー"",""備考"":""アルコール、その他の中枢神経抑制剤（鎮静剤、催眠剤、抗不安剤、抗ヒスタミン剤、麻酔薬など）との併用により、中枢神経抑制作用が増強される可能性があるため、併用は避けるべきです。""},""濫用・MOH"":{""判定"":""△"",""備考"":""依存性が報告されており、長期連用や大量摂取により精神的・身体的依存を形成するリスクがあるため注意が必要です。また、慢性の使用によりブロム中毒（精神神経症状、皮膚症状など）のリスクもあります。""},""ドーピング・毒性"":{""判定"":""△"",""備考"":""WADA（世界アンチ・ドーピング機構）の禁止薬物リストには直接記載されていませんが、中枢神経抑制作用を持つため、競技によっては使用が制限される場合があります。代謝物によっては影響の可能性も考慮し、競技者は注意が必要です。中毒量・致死量等の詳細はPoisindex等の一次資料を参照。""}},{""成分名"":""アリルイソプロピルアセチル尿素"",""妊婦・授乳婦"":{""判定"":""✕"",""備考"":""(妊娠: 未分類（禁忌） / 授乳: 危険（L4相当）) 鎮静成分（イブA錠やノーシンピュア等に配合）。乳児への移行による過鎮静（傾眠）リスクがあるため授乳中は避ける。妊婦にも胎児への影響を考慮し、鎮静成分を含まない鎮痛薬（タイレノールA等）への変更を必ず提案すべきレッドフラッグ成分。""},""運転・操作"":{""判定"":""✕"",""備考"":""中枢神経抑制作用が強く、眠気、めまい、ふらつきなどを引き起こす可能性があるため、本剤服用中の自動車の運転や機械の操作は絶対に避けるべきです。""},""禁忌・受診勧奨"":{""判定"":""△"",""備考"":""肝機能障害や腎機能障害のある患者には慎重な投与が必要です。""},""相互作用"":{""判定"":""ー"",""備考"":""アルコール、その他の中枢神経抑制剤（鎮静剤、催眠剤、抗不安剤、抗ヒスタミン剤、抗コリン薬、麻酔薬など）との併用により、中枢神経抑制作用が増強される可能性があるため、併用は避けるべきです。""},""濫用・MOH"":{""判定"":""△"",""備考"":""依存性が報告されており、長期連用や大量摂取により精神的・身体的依存を形成するリスクがあるため注意が必要です。""},""ドーピング・毒性"":{""判定"":""ー"",""備考"":""WADAの禁止薬物リストには直接記載されていません。中毒量・致死量等の詳細はPoisindex等の一次資料を参照。""}},{""成分名"":""ジフェンヒドラミン塩酸塩"",""妊婦・授乳婦"":{""判定"":""〇"",""備考"":""(妊娠: A / 授乳: 相談・注意（L2〜L3相当）) 睡眠改善薬（ドリエル等）や風邪薬に含有。妊娠中の短期使用は可能だが、授乳中は乳児への移行による過鎮静（傾眠）や母乳分泌低下リスクがあるため連用は避ける。""},""運転・操作"":{""判定"":""✕"",""備考"":""強い眠気を催すことがあるため、本剤服用中の自動車の運転や機械の操作は絶対に避けるべきです。""},""禁忌・受診勧奨"":{""判定"":""✕"",""備考"":""閉塞隅角緑内障の患者、前立腺肥大等下部尿路閉塞性疾患の患者、新生児・低出生体重児、授乳婦には禁忌です。""},""相互作用"":{""判定"":""△"",""備考"":""アルコール、その他の中枢神経抑制剤（鎮静剤、催眠剤、抗不安剤、抗ヒスタミン剤、麻酔薬など）との併用により、中枢神経抑制作用が増強される可能性があるため、併用は避けるべきです。MAO阻害薬との併用により、抗コリン作用が増強される可能性があるため注意が必要です。""},""濫用・MOH"":{""判定"":""△"",""備考"":""単独での依存性は低いですが、過量摂取により抗コリン性症候群（せん妄、幻覚、頻脈、散瞳など）を来すことがあります。本製品は鎮静成分が複合されているため、濫用により強い精神作用が発現するリスクが高まります。薬剤乱用頭痛（MOH）のリスクは通常報告されていませんが、連用による頭痛の誘発は否定できません。""},""ドーピング・毒性"":{""判定"":""ー"",""備考"":""WADAの禁止薬物リストには通常含まれません。中毒量・致死量等の詳細はPoisindex等の一次資料を参照。""}},{""成分名"":""製品全体"",""禁忌・受診勧奨"":{""判定"":""✕"",""備考"":""本剤は、閉塞隅角緑内障、前立腺肥大症等の下部尿路閉塞性疾患（ジフェンヒドラミンの抗コリン作用による）、てんかん、急性ポルフィリン症の患者には禁忌です。また、アルコールを摂取している間は服用しないこと。長期連用は依存性やブロム中毒のリスクがあるため、連用せず、症状が改善しない場合は速やかに医療機関（心療内科等）を受診するよう強く勧奨します。""}}]}"
2026/07/07 1:36:45,9,15歳未満の小児,出産予定日12週以内の妊婦は服用禁止。妊婦または妊娠していると思われる人、授乳中の人は服用前に相談すること。,"デキストロメトルファン,プソイドエフェドリン","{""basis"":""9錠中"",""ingredients"":[{""name"":""イブプロフェン"",""id"":""D00126"",""amount"":600,""unit"":""mg""},{""name"":""トラネキサム酸"",""id"":""D01136"",""amount"":750,""unit"":""mg""},{""name"":""デキストロメトルファン臭化水素酸塩水和物"",""id"":""D00848"",""amount"":48,""unit"":""mg""},{""name"":""ブロムヘキシン塩酸塩"",""id"":""D01778"",""amount"":12,""unit"":""mg""},{""name"":""グアイフェネシン"",""id"":""D00337"",""amount"":250,""unit"":""mg""},{""name"":""プソイドエフェドリン塩酸塩"",""id"":""D00485"",""amount"":135,""unit"":""mg""},{""name"":""d-クロルフェニラミンマレイン酸塩"",""id"":""D00668"",""amount"":3.5,""unit"":""mg""},{""name"":""無水カフェイン"",""id"":""D00528"",""amount"":75,""unit"":""mg""}]}","{""adult_dose"":""3錠×3回"",""daily_dose"":9,""prohibited_age"":""15歳未満の小児""}","{""driving_warning"":""運転禁止"",""pregnancy_warning"":""出産予定日12週以内の妊婦は服用禁止。妊婦または妊娠していると思われる人、授乳中の人は服用前に相談すること。"",""drug_category"":""かぜ薬"",""category_limit"":7,""packages"":[{""package_type"":""30錠"",""estimated_days"":3.3,""capacity_judgment"":""小容量""},{""package_type"":""45錠"",""estimated_days"":5,""capacity_judgment"":""小容量""}]}",本製品は、イブプロフェン600mg（1日量）を配合し、のどの痛みや発熱を抑えます。トラネキサム酸が粘膜の炎症を鎮め、デキストロメトルファン臭化水素酸塩水和物がせき中枢に作用し、せきを鎮めます。8種の成分配合により、のどの痛み、せき、発熱、鼻づまり、鼻水、くしゃみ、たん、悪寒、頭痛、関節痛、筋肉痛など、かぜの諸症状を幅広く緩和する総合かぜ薬です。,ベンザブロックLプレミアムDX錠,〇,-,"【⚠️レッドフラッグあり：現場確認必須】

【イブプロフェン】(妊娠: C / D (妊娠後期) / 授乳: 安全（L1相当）)
授乳中は母乳移行が極めて少なく安全（L1）。妊娠初期〜中期は有益性投与（C）だが、妊娠後期（28週以降）は動脈管収縮リスクのため禁忌（D）。

【トラネキサム酸】(妊娠: B1 / 授乳: 安全（L2相当）)
妊婦・授乳婦ともに極めて安全性が高く、咽頭痛に対して現場で最も推奨しやすい成分。血栓性疾患のリスクがなければ第一選択となる。

【デキストロメトルファン臭化水素酸塩水和物】(妊娠: A / 授乳: 相談・注意（L3相当）)
妊婦には安全に使用可能（A）。授乳中も通常量であれば安全とされるが、乳児の呼吸抑制に注意。コデイン類が禁忌のケースで優先して提案できる鎮咳成分。

【ブロムヘキシン塩酸塩】(妊娠: A / 授乳: 安全（L2相当）)
気道粘液分泌促進薬。妊婦・授乳婦に対する明らかな有害事象の報告はなく比較的安全だが、妊娠中の第一選択としてはカルボシステイン等が推奨されることが多い。

【グアイフェネシン】(妊娠: A / 授乳: 安全（L2相当）)
去痰成分。妊婦・授乳婦に対する重大な副作用の報告はなく、比較的安全に使用できる。ただし妊娠初期は念のため短期使用にとどめることが望ましい。

【塩酸プソイドエフェドリン】(妊娠: B2 / 授乳: 注意（L3〜L4相当）)
血管収縮作用により母乳分泌量が低下するリスクがあるため授乳中は避ける。妊婦に対しても、特に妊娠初期の服用や高血圧合併時はリスクとなるため、使用を避けるのが望ましい。

【d-クロルフェニラミンマレイン酸塩】(妊娠: A / 授乳: 相談・注意（L3相当）)
第一世代抗ヒスタミン薬のため、授乳中は乳児の傾眠・過鎮静リスクに注意。妊婦には比較的安全（A）だが、現場ではインシデント防止も含め、フェキソフェナジン等の第二世代への変更が望ましい。

【無水カフェイン】(妊娠: A相当 / 授乳: 安全（L2相当）)
通常のOTC含有量（1回50mg程度）であれば妊婦・授乳婦ともに影響は少なく安全。ただし、コーヒー等からの過剰摂取（1日200〜300mg以上）には注意を促す。",【現場_代替薬提案】<br>本製品はイブプロフェン、プソイドエフェドリン、d-クロルフェニラミンなど、妊婦・授乳婦、基礎疾患（高血圧、心疾患、緑内障、前立腺肥大症、消化性潰瘍など）、運転を要する方には不適な成分を複数含みます。<br>・<b>妊婦・授乳婦</b>：アセトアミノフェン単剤や、成分が限定された漢方薬（葛根湯など）を推奨します。<br>・<b>運転者</b>：眠気成分（d-クロルフェニラミン、デキストロメトルファン）を含まない、非鎮静性抗ヒスタミン薬や、眠気作用の少ない鎮咳去痰薬（カルボシステインなど）を含む製品を推奨します。<br>・<b>高血圧・心疾患・糖尿病・緑内障・前立腺肥大症の患者</b>：プソイドエフェドリンを含まない製品を推奨します。鼻症状が主であれば、血管収縮作用のない点鼻薬や、非鎮静性抗ヒスタミン薬を検討します。<br>・<b>消化性潰瘍の既往がある患者</b>：イブプロフェンを含まないアセトアミノフェン単剤を推奨します。,【現場_服薬指導エビデンス】<br>・<b>妊婦・授乳婦</b>：<br> ・<b>イブプロフェン</b>：妊婦には成育医療センターの評価でL3。妊娠後期（特に妊娠28週以降）の服用は胎児の動脈管収縮・閉鎖、胎児腎機能障害、羊水過少症のリスクがあるため禁忌です。妊娠初期～中期も可能な限り避けるべきです。授乳婦には成育医療センターの評価でL2。乳汁移行は少量で乳児への影響は少ないとされますが、長期間・大量の使用は避けてください。<br> ・<b>トラネキサム酸</b>：妊婦には成育医療センターの評価でL3。動物実験で胎児毒性が報告されており、ヒトでの安全性は確立されていません。治療上の有益性が危険性を上回る場合にのみ使用を検討します。授乳婦には成育医療センターの評価でL2。乳汁移行は少量で乳児への影響は少ないとされます。<br> ・<b>デキストロメトルファン臭化水素酸塩水和物</b>：妊婦には成育医療センターの評価でL2。動物実験で催奇形性は認められていませんが、ヒトでの安全性は確立されていません。治療上の有益性が危険性を上回る場合にのみ使用を検討します。授乳婦には成育医療センターの評価でL2。乳汁移行は少量で乳児への影響は少ないとされます。<br> ・<b>ブロムヘキシン塩酸塩</b>：妊婦には成育医療センターの評価でL2。動物実験で催奇形性は認められていませんが、ヒトでの安全性は確立されていません。治療上の有益性が危険性を上回る場合にのみ使用を検討します。授乳婦には成育医療センターの評価でL2。乳汁移行は少量で乳児への影響は少ないとされます。<br> ・<b>グアイフェネシン</b>：妊婦には成育医療センターの評価でL2。動物実験で催奇形性は認められていませんが、ヒトでの安全性は確立されていません。治療上の有益性が危険性を上回る場合にのみ使用を検討します。授乳婦には成育医療センターの評価でL2。乳汁移行は少量で乳児への影響は少ないとされます。<br> ・<b>プソイドエフェドリン塩酸塩</b>：妊婦には成育医療センターの評価でL3。血管収縮作用により胎盤血流減少のリスク、子宮収縮誘発の可能性があり、妊娠初期の服用は避けるべきです。妊娠高血圧症候群の患者には禁忌です。授乳婦には成育医療センターの評価でL3。乳汁移行があり、乳児に興奮、不眠、易刺激性などの影響を与える可能性があるため、授乳中は避けるべきです。<br> ・<b>d-クロルフェニラミンマレイン酸塩</b>：妊婦には成育医療センターの評価でL3。動物実験で催奇形性が報告されているものもあり、ヒトでの安全性は確立されていません。特に妊娠後期は子宮収縮誘発、新生児に奇形や離脱症状のリスクがあります。治療上の有益性が危険性を上回る場合にのみ使用を検討します。授乳婦には成育医療センターの評価でL3。乳汁移行があり、乳児に眠気、易刺激性、呼吸抑制などの影響を与える可能性があるため、授乳中は避けるべきです。<br> ・<b>無水カフェイン</b>：妊婦には成育医療センターの評価でL2。過剰摂取は胎児への影響（低出生体重児、流産リスク増加）の可能性があります。医薬品からの摂取は避けるのが望ましいです。授乳婦には成育医療センターの評価でL2。乳汁移行があり、乳児に興奮、不眠、易刺激性などの影響を与える可能性があるため、摂取は控えるか、授乳直後に服用し乳児への影響を観察してください。<br>・<b>運転・操作</b>：<br> ・<b>イブプロフェン</b>：眠気は比較的少ないですが、消化器症状やめまいなどが起こる可能性があり、注意が必要です。<br> ・<b>トラネキサム酸</b>：眠気などの報告は少ないですが、念のため注意喚起が必要です。<br> ・<b>デキストロメトルファン臭化水素酸塩水和物</b>：眠気、めまいが起こることがあるため、服用中は運転・機械操作を避けるよう指導してください。<br> ・<b>ブロムヘキシン塩酸塩</b>：眠気などの報告は少ないですが、念のため注意喚起が必要です。<br> ・<b>グアイフェネシン</b>：眠気などの報告は少ないですが、念のため注意喚起が必要です。<br> ・<b>プソイドエフェドリン塩酸塩</b>：興奮、めまい、不眠などが起こることがあるため、服用中は運転・機械操作を避けるよう指導してください。<br> ・<b>d-クロルフェニラミンマレイン酸塩</b>：強い眠気、めまい、口渇、排尿困難などの抗コリン作用があるため、服用中は運転・機械操作は絶対に行わないよう指導してください。<br> ・<b>無水カフェイン</b>：覚醒作用がありますが、過剰摂取で神経過敏、めまいなどが起こる可能性があり、注意が必要です。<br>・<b>禁忌・受診勧奨</b>：<br> ・<b>イブプロフェン</b>：消化性潰瘍、重篤な血液疾患、重篤な肝機能障害、重篤な腎機能障害、重篤な心機能不全、アスピリン喘息またはその既往歴、妊娠後期の患者は禁忌です。高血圧、心疾患、腎疾患、肝疾患、全身性エリテマトーデス、潰瘍性大腸炎、クローン病、高齢者、小児は慎重投与です。<br> ・<b>トラネキサム酸</b>：脳血栓、心筋梗塞、血栓性静脈炎などの血栓症の患者及びその既往歴のある患者、血栓素因のある患者は禁忌です。<br> ・<b>デキストロメトルファン臭化水素酸塩水和物</b>：モノアミン酸化酵素（MAO）阻害剤投与中の患者は禁忌です。<br> ・<b>ブロムヘキシン塩酸塩</b>：特段の禁忌はありませんが、消化器症状（悪心、腹痛など）に注意が必要です。<br> ・<b>グアイフェネシン</b>：特段の禁忌はありませんが、消化器症状（悪心、嘔吐など）に注意が必要です。<br> ・<b>プソイドエフェドリン塩酸塩</b>：高血圧症、心疾患（狭心症、頻脈など）、甲状腺機能亢進症、糖尿病、前立腺肥大症、緑内障、モノアミン酸化酵素（MAO）阻害剤投与中の患者は禁忌です。<br> ・<b>d-クロルフェニラミンマレイン酸塩</b>：緑内障、前立腺肥大症、モノアミン酸化酵素（MAO）阻害剤投与中の患者は禁忌です。<br> ・<b>無水カフェイン</b>：心疾患、胃潰瘍、緑内障、てんかんの患者は慎重投与です。<br>・<b>相互作用</b>：<br> ・<b>イブプロフェン</b>：抗凝固薬（ワルファリンなど）、抗血小板薬（アスピリンなど）との併用で出血リスクが増大します。選択的セロトニン再取り込み阻害薬（SSRI）との併用で消化管出血リスクが増大します。リチウム製剤、メトトレキサートとの併用でそれぞれの血中濃度上昇、毒性増強のリスクがあります。ACE阻害薬、ARB、利尿薬との併用で降圧作用減弱、腎機能悪化のリスクがあります。他のNSAIDsやアルコールとの併用で消化器症状、肝機能障害のリスクが増大します。<br> ・<b>トラネキサム酸</b>：止血剤（トロンビンなど）、凝固促進剤（バトロキソビンなど）との併用で血栓形成傾向が増強するリスクがあります。<br> ・<b>デキストロメトルファン臭化水素酸塩水和物</b>：MAO阻害剤、SSRI、SNRIとの併用でセロトニン症候群のリスクが増大します。CYP2D6阻害剤（キニジン、パロキセチンなど）との併用で血中濃度上昇、副作用増強のリスクがあります。アルコールとの併用で中枢神経抑制作用が増強します。<br> ・<b>ブロムヘキシン塩酸塩</b>：特に重要な相互作用は報告されていません。<br> ・<b>グアイフェネシン</b>：特に重要な相互作用は報告されていません。<br> ・<b>プソイドエフェドリン塩酸塩</b>：MAO阻害剤との併用で高血圧クリーゼのリスクが増大します。他の交感神経刺激薬、三環系抗うつ薬、SSRIとの併用で作用増強、副作用増大のリスクがあります。β遮断薬との併用で降圧作用減弱、高血圧クリーゼのリスクがあります。アルコールとの併用で中枢神経系への影響が増強します。<br> ・<b>d-クロルフェニラミンマレイン酸塩</b>：MAO阻害剤、中枢神経抑制薬（アルコール、鎮静剤、催眠剤など）、抗コリン作用を有する薬（三環系抗うつ薬など）との併用で作用が増強し、副作用のリスクが高まります。<br> ・<b>無水カフェイン</b>：MAO阻害剤との併用で中枢神経刺激作用が増強します。CYP1A2阻害剤（シメチジン、フルボキサミンなど）との併用でカフェインの代謝遅延、血中濃度上昇、副作用増強のリスクがあります。他のカフェイン含有製剤との併用でカフェイン過剰摂取のリスクがあります。<br>・<b>濫用・MOH</b>：<br> ・<b>イブプロフェン</b>：NSAIDsの乱用による薬剤乱用頭痛（MOH）のリスクがあります。<br> ・<b>トラネキサム酸</b>：濫用リスクは低いとされます。<br> ・<b>デキストロメトルファン臭化水素酸塩水和物</b>：高用量で幻覚作用、多幸感、解離作用があるため、特に若年層における乱用リスクがあります。薬剤乱用頭痛のリスクは低いとされます。<br> ・<b>ブロムヘキシン塩酸塩</b>：濫用リスクは低いとされます。<br> ・<b>グアイフェネシン</b>：濫用リスクは低いとされます。<br> ・<b>プソイドエフェドリン塩酸塩</b>：中枢神経刺激作用があるため、乱用リスクがあります。覚醒剤原料のエフェドリンと構造が類似しており、不正製造の原料となる可能性もあります。<br> ・<b>d-クロルフェニラミンマレイン酸塩</b>：高用量で抗コリン作用による幻覚作用があるため、乱用リスクがあります。薬剤乱用頭痛のリスクは低いとされます。<br> ・<b>無水カフェイン</b>：常用により精神的依存を形成する可能性があり、離脱症状として頭痛が生じることがあり、薬剤乱用頭痛（MOH）の原因となる可能性もあります。<br>・<b>ドーピング・毒性</b>：<br> ・<b>イブプロフェン</b>：世界アンチ・ドーピング機構（WADA）の禁止物質ではありません。中毒量・致死量等の詳細はPoisindex等の一次資料を参照してください。<br> ・<b>トラネキサム酸</b>：WADAの禁止物質ではありません。中毒量・致死量等の詳細はPoisindex等の一次資料を参照してください。<br> ・<b>デキストロメトルファン臭化水素酸塩水和物</b>：WADAの禁止物質ではありません。中毒量・致死量等の詳細はPoisindex等の一次資料を参照してください。<br> ・<b>ブロムヘキシン塩酸塩</b>：WADAの禁止物質ではありません。中毒量・致死量等の詳細はPoisindex等の一次資料を参照してください。<br> ・<b>グアイフェネシン</b>：WADAの禁止物質ではありません。中毒量・致死量等の詳細はPoisindex等の一次資料を参照してください。<br> ・<b>プソイドエフェドリン塩酸塩</b>：WADAの競技会時禁止物質（S6. 興奮薬）です。競技会期間中の使用は禁止されており、尿中濃度150μg/mLの閾値があります。中毒量・致死量等の詳細はPoisindex等の一次資料を参照してください。<br> ・<b>d-クロルフェニラミンマレイン酸塩</b>：WADAの禁止物質ではありません。中毒量・致死量等の詳細はPoisindex等の一次資料を参照してください。<br> ・<b>無水カフェイン</b>：WADAの禁止物質ではありません。ただし、高用量摂取は注意が必要です。中毒量（TD50）は一般的に、1回あたりの摂取量が200mgを超えると副作用が出やすくなるとされます。致死量は成人で数g～10g程度とされますが、個人差が大きいです。詳細はPoisindex等の一次資料を参照してください。,"{""成分マトリックス"":[{""成分名"":""イブプロフェン"",""妊婦・授乳婦"":{""判定"":""✕"",""備考"":""(妊娠: C / D (妊娠後期) / 授乳: 安全（L1相当）) 授乳中は母乳移行が極めて少なく安全（L1）。妊娠初期〜中期は有益性投与（C）だが、妊娠後期（28週以降）は動脈管収縮リスクのため禁忌（D）。""},""運転・操作"":{""判定"":""△"",""備考"":""眠気は比較的少ないですが、消化器症状やめまいなどが起こる可能性があり、注意が必要です。""},""禁忌・受診勧奨"":{""判定"":""✕"",""備考"":""消化性潰瘍、重篤な血液疾患、重篤な肝機能障害、重篤な腎機能障害、重篤な心機能不全、アスピリン喘息またはその既往歴、妊娠後期の患者は禁忌です。高血圧、心疾患、腎疾患、肝疾患、全身性エリテマトーデス、潰瘍性大腸炎、クローン病、高齢者、小児は慎重投与です。""},""相互作用"":{""判定"":""△"",""備考"":""抗凝固薬（ワルファリンなど）、抗血小板薬（アスピリンなど）との併用で出血リスクが増大します。選択的セロトニン再取り込み阻害薬（SSRI）との併用で消化管出血リスクが増大します。リチウム製剤、メトトレキサートとの併用でそれぞれの血中濃度上昇、毒性増強のリスクがあります。ACE阻害薬、ARB、利尿薬との併用で降圧作用減弱、腎機能悪化のリスクがあります。他のNSAIDsやアルコールとの併用で消化器症状、肝機能障害のリスクが増大します。""},""濫用・MOH"":{""判定"":""△"",""備考"":""NSAIDsの乱用による薬剤乱用頭痛（MOH）のリスクがあります。""},""ドーピング・毒性"":{""判定"":""〇"",""備考"":""世界アンチ・ドーピング機構（WADA）の禁止物質ではありません。中毒量・致死量等の詳細はPoisindex等の一次資料を参照してください。""}},{""成分名"":""トラネキサム酸"",""妊婦・授乳婦"":{""判定"":""〇"",""備考"":""(妊娠: B1 / 授乳: 安全（L2相当）) 妊婦・授乳婦ともに極めて安全性が高く、咽頭痛に対して現場で最も推奨しやすい成分。血栓性疾患のリスクがなければ第一選択となる。""},""運転・操作"":{""判定"":""△"",""備考"":""眠気などの報告は少ないですが、念のため注意喚起が必要です。""},""禁忌・受診勧奨"":{""判定"":""✕"",""備考"":""脳血栓、心筋梗塞、血栓性静脈炎などの血栓症の患者及びその既往歴のある患者、血栓素因のある患者は禁忌です。""},""相互作用"":{""判定"":""△"",""備考"":""止血剤（トロンビンなど）、凝固促進剤（バトロキソビンなど）との併用で血栓形成傾向が増強するリスクがあります。""},""濫用・MOH"":{""判定"":""〇"",""備考"":""濫用リスクは低いとされます。""},""ドーピング・毒性"":{""判定"":""〇"",""備考"":""WADAの禁止物質ではありません。中毒量・致死量等の詳細はPoisindex等の一次資料を参照してください。""}},{""成分名"":""デキストロメトルファン臭化水素酸塩水和物"",""妊婦・授乳婦"":{""判定"":""✕"",""備考"":""(妊娠: A / 授乳: 相談・注意（L3相当）) 妊婦には安全に使用可能（A）。授乳中も通常量であれば安全とされるが、乳児の呼吸抑制に注意。コデイン類が禁忌のケースで優先して提案できる鎮咳成分。""},""運転・操作"":{""判定"":""ー"",""備考"":""眠気、めまいが起こることがあるため、服用中は運転・機械操作を避けるよう指導してください。""},""禁忌・受診勧奨"":{""判定"":""✕"",""備考"":""モノアミン酸化酵素（MAO）阻害剤投与中の患者は禁忌です。""},""相互作用"":{""判定"":""△"",""備考"":""MAO阻害剤、SSRI、SNRIとの併用でセロトニン症候群のリスクが増大します。CYP2D6阻害剤（キニジン、パロキセチンなど）との併用で血中濃度上昇、副作用増強のリスクがあります。アルコールとの併用で中枢神経抑制作用が増強します。""},""濫用・MOH"":{""判定"":""〇"",""備考"":""高用量で幻覚作用、多幸感、解離作用があるため、特に若年層における乱用リスクがあります。薬剤乱用頭痛のリスクは低いとされます。""},""ドーピング・毒性"":{""判定"":""〇"",""備考"":""WADAの禁止物質ではありません。中毒量・致死量等の詳細はPoisindex等の一次資料を参照してください。""}},{""成分名"":""ブロムヘキシン塩酸塩"",""妊婦・授乳婦"":{""判定"":""〇"",""備考"":""(妊娠: A / 授乳: 安全（L2相当）) 気道粘液分泌促進薬。妊婦・授乳婦に対する明らかな有害事象の報告はなく比較的安全だが、妊娠中の第一選択としてはカルボシステイン等が推奨されることが多い。""},""運転・操作"":{""判定"":""△"",""備考"":""眠気などの報告は少ないですが、念のため注意喚起が必要です。""},""禁忌・受診勧奨"":{""判定"":""〇"",""備考"":""特段の禁忌はありませんが、消化器症状（悪心、腹痛など）に注意が必要です。""},""相互作用"":{""判定"":""ー"",""備考"":""特に重要な相互作用は報告されていません。""},""濫用・MOH"":{""判定"":""〇"",""備考"":""濫用リスクは低いとされます。""},""ドーピング・毒性"":{""判定"":""〇"",""備考"":""WADAの禁止物質ではありません。中毒量・致死量等の詳細はPoisindex等の一次資料を参照してください。""}},{""成分名"":""グアイフェネシン"",""妊婦・授乳婦"":{""判定"":""〇"",""備考"":""(妊娠: A / 授乳: 安全（L2相当）) 去痰成分。妊婦・授乳婦に対する重大な副作用の報告はなく、比較的安全に使用できる。ただし妊娠初期は念のため短期使用にとどめることが望ましい。""},""運転・操作"":{""判定"":""△"",""備考"":""眠気などの報告は少ないですが、念のため注意喚起が必要です。""},""禁忌・受診勧奨"":{""判定"":""〇"",""備考"":""特段の禁忌はありませんが、消化器症状（悪心、嘔吐など）に注意が必要です。""},""相互作用"":{""判定"":""ー"",""備考"":""特に重要な相互作用は報告されていません。""},""濫用・MOH"":{""判定"":""〇"",""備考"":""濫用リスクは低いとされます。""},""ドーピング・毒性"":{""判定"":""〇"",""備考"":""WADAの禁止物質ではありません。中毒量・致死量等の詳細はPoisindex等の一次資料を参照してください。""}},{""成分名"":""プソイドエフェドリン塩酸塩"",""妊婦・授乳婦"":{""判定"":""✕"",""備考"":""妊婦には成育医療センターの評価でL3。血管収縮作用により胎盤血流減少のリスク、子宮収縮誘発の可能性があり、妊娠初期の服用は避けるべきです。妊娠高血圧症候群の患者には禁忌です。授乳婦には成育医療センターの評価でL3。乳汁移行があり、乳児に興奮、不眠、易刺激性などの影響を与える可能性があるため、授乳中は避けるべきです。""},""運転・操作"":{""判定"":""ー"",""備考"":""興奮、めまい、不眠などが起こることがあるため、服用中は運転・機械操作を避けるよう指導してください。""},""禁忌・受診勧奨"":{""判定"":""✕"",""備考"":""高血圧症、心疾患（狭心症、頻脈など）、甲状腺機能亢進症、糖尿病、前立腺肥大症、緑内障、モノアミン酸化酵素（MAO）阻害剤投与中の患者は禁忌です。""},""相互作用"":{""判定"":""△"",""備考"":""MAO阻害剤との併用で高血圧クリーゼのリスクが増大します。他の交感神経刺激薬、三環系抗うつ薬、SSRIとの併用で作用増強、副作用増大のリスクがあります。β遮断薬との併用で降圧作用減弱、高血圧クリーゼのリスクがあります。アルコールとの併用で中枢神経系への影響が増強します。""},""濫用・MOH"":{""判定"":""△"",""備考"":""中枢神経刺激作用があるため、乱用リスクがあります。覚醒剤原料のエフェドリンと構造が類似しており、不正製造の原料となる可能性もあります。""},""ドーピング・毒性"":{""判定"":""✕"",""備考"":""WADAの競技会時禁止物質（S6. 興奮薬）です。競技会期間中の使用は禁止されており、尿中濃度150μg/mLの閾値があります。中毒量・致死量等の詳細はPoisindex等の一次資料を参照してください。""}},{""成分名"":""d-クロルフェニラミンマレイン酸塩"",""妊婦・授乳婦"":{""判定"":""〇"",""備考"":""(妊娠: A / 授乳: 相談・注意（L3相当）) 第一世代抗ヒスタミン薬のため、授乳中は乳児の傾眠・過鎮静リスクに注意。妊婦には比較的安全（A）だが、現場ではインシデント防止も含め、フェキソフェナジン等の第二世代への変更が望ましい。""},""運転・操作"":{""判定"":""ー"",""備考"":""強い眠気、めまい、口渇、排尿困難などの抗コリン作用があるため、服用中は運転・機械操作は絶対に行わないよう指導してください。""},""禁忌・受診勧奨"":{""判定"":""✕"",""備考"":""緑内障、前立腺肥大症、モノアミン酸化酵素（MAO）阻害剤投与中の患者は禁忌です。""},""相互作用"":{""判定"":""△"",""備考"":""MAO阻害剤、中枢神経抑制薬（アルコール、鎮静剤、催眠剤など）、抗コリン作用を有する薬（三環系抗うつ薬など）との併用で作用が増強し、副作用のリスクが高まります。""},""濫用・MOH"":{""判定"":""〇"",""備考"":""高用量で抗コリン作用による幻覚作用があるため、乱用リスクがあります。薬剤乱用頭痛のリスクは低いとされます。""},""ドーピング・毒性"":{""判定"":""〇"",""備考"":""WADAの禁止物質ではありません。中毒量・致死量等の詳細はPoisindex等の一次資料を参照してください。""}},{""成分名"":""無水カフェイン"",""妊婦・授乳婦"":{""判定"":""〇"",""備考"":""(妊娠: A相当 / 授乳: 安全（L2相当）) 通常のOTC含有量（1回50mg程度）であれば妊婦・授乳婦ともに影響は少なく安全。ただし、コーヒー等からの過剰摂取（1日200〜300mg以上）には注意を促す。""},""運転・操作"":{""判定"":""△"",""備考"":""覚醒作用がありますが、過剰摂取で神経過敏、めまいなどが起こる可能性があり、注意が必要です。""},""禁忌・受診勧奨"":{""判定"":""△"",""備考"":""心疾患、胃潰瘍、緑内障、てんかんの患者は慎重投与です。""},""相互作用"":{""判定"":""△"",""備考"":""MAO阻害剤との併用で中枢神経刺激作用が増強します。CYP1A2阻害剤（シメチジン、フルボキサミンなど）との併用でカフェインの代謝遅延、血中濃度上昇、副作用増強のリスクがあります。他のカフェイン含有製剤との併用でカフェイン過剰摂取のリスクがあります。""},""濫用・MOH"":{""判定"":""△"",""備考"":""常用により精神的依存を形成する可能性があり、離脱症状として頭痛が生じることがあり、薬剤乱用頭痛（MOH）の原因となる可能性もあります。""},""ドーピング・毒性"":{""判定"":""〇"",""備考"":""WADAの禁止物質ではありません。ただし、高用量摂取は注意が必要です。中毒量（TD50）は一般的に、1回あたりの摂取量が200mgを超えると副作用が出やすくなるとされます。致死量は成人で数g～10g程度とされますが、個人差が大きいです。詳細はPoisindex等の一次資料を参照してください。""}},{""成分名"":""塩酸プソイドエフェドリン"",""妊婦・授乳婦"":{""判定"":""✕"",""備考"":""(妊娠: B2 / 授乳: 注意（L3〜L4相当）) 血管収縮作用により母乳分泌量が低下するリスクがあるため授乳中は避ける。妊婦に対しても、特に妊娠初期の服用や高血圧合併時はリスクとなるため、使用を避けるのが望ましい。""}}]}"
2026/07/07 1:37:39,6,12歳未満の小児,授乳中の人は服用しないか、服用する場合は授乳を避けること。妊婦または妊娠していると思われる人は服用前に相談すること。,"ジヒドロコデイン, メチルエフェドリン","{""basis"":""6錠中"",""ingredients"":[{""name"":""アセトアミノフェン"",""id"":""D00217"",""amount"":900,""unit"":""mg""},{""name"":""ヨウ化イソプロパミド"",""id"":""D01005"",""amount"":6,""unit"":""mg""},{""name"":""d-クロルフェニラミンマレイン酸塩"",""id"":""D00668"",""amount"":3.5,""unit"":""mg""},{""name"":""トラネキサム酸"",""id"":""D01136"",""amount"":420,""unit"":""mg""},{""name"":""ジヒドロコデインリン酸塩"",""id"":""D01481"",""amount"":24,""unit"":""mg""},{""name"":""dl-メチルエフェドリン塩酸塩"",""id"":""D02109"",""amount"":60,""unit"":""mg""},{""name"":""無水カフェイン"",""id"":""D00528"",""amount"":75,""unit"":""mg""},{""name"":""ヘスペリジン"",""id"":""D01038"",""amount"":90,""unit"":""mg""}]}","{""adult_dose"":""2錠×3回"",""daily_dose"":6,""prohibited_age"":""12歳未満の小児""}","{""driving_warning"":""運転禁止"",""pregnancy_warning"":""授乳中の人は服用しないか、服用する場合は授乳を避けること。妊婦または妊娠していると思われる人は服用前に相談すること。"",""drug_category"":""かぜ薬"",""category_limit"":7,""packages"":[{""package_type"":""18錠"",""estimated_days"":3,""capacity_judgment"":""小容量""},{""package_type"":""30錠"",""estimated_days"":5,""capacity_judgment"":""小容量""}]}",ベンザブロックSは、鼻汁の分泌を抑えるヨウ化イソプロパミドと抗ヒスタミン成分d-クロルフェニラミンマレイン酸塩で鼻水・くしゃみを緩和します。トラネキサム酸がのどの痛みを抑え、解熱鎮痛成分アセトアミノフェンなど8種の成分がバランスよく働き、かぜの諸症状を緩和します。のみやすい小型の淡黄色のカプレットタイプの錠剤です。,ベンザブロックS,〇,-,"【アセトアミノフェン】(妊娠: A / 授乳: 安全（L1相当）)
妊娠全期間・授乳中を通じて第一選択となる解熱鎮痛成分。通常のOTC用量であれば母子ともに安全性が極めて高い。

【ヨウ化イソプロパミド】(妊娠: C相当 / 授乳: 相談・注意（L3相当）)
抗コリン薬（鼻炎薬等に配合）。妊婦への使用は比較的安全とされるが、抗コリン作用により母乳分泌を抑制する恐れや、乳児の頻脈リスクがあるため授乳中は使用を避ける。

【d-クロルフェニラミンマレイン酸塩】(妊娠: A / 授乳: 相談・注意（L3相当）)
第一世代抗ヒスタミン薬のため、授乳中は乳児の傾眠・過鎮静リスクに注意。妊婦には比較的安全（A）だが、現場ではインシデント防止も含め、フェキソフェナジン等の第二世代への変更が望ましい。

【トラネキサム酸】(妊娠: B1 / 授乳: 安全（L2相当）)
妊婦・授乳婦ともに極めて安全性が高く、咽頭痛に対して現場で最も推奨しやすい成分。血栓性疾患のリスクがなければ第一選択となる。

【ジヒドロコデインリン酸塩】(妊娠: C / 授乳: 相談・注意（L3相当）)
授乳中の連用により乳児にモルヒネ中毒（傾眠・呼吸抑制等）のリスクあり。OTCの鎮咳薬として短期・単回でも授乳回避または非鎮静性成分への変更を提案する。

【dl-メチルエフェドリン塩酸塩】(妊娠: A (エフェドリン類) / 授乳: 注意（L3〜L4相当）)
血管収縮作用による母乳分泌量の低下リスクあり。授乳中は可能な限り単回・短期にとどめるか、去痰薬のみの処方（カルボシステイン等）への切り替えを推奨。

【無水カフェイン】(妊娠: A相当 / 授乳: 安全（L2相当）)
通常のOTC含有量（1回50mg程度）であれば妊婦・授乳婦ともに影響は少なく安全。ただし、コーヒー等からの過剰摂取（1日200〜300mg以上）には注意を促す。

【ヘスペリジン】(妊娠: 未分類 / 授乳: 安全（L1相当）)
柑橘類由来のビタミンP様成分。食品にも含まれる成分であり、妊婦・授乳婦ともに安全性は極めて高い。",【現場_代替薬提案】<br>ベンザブロックSは複数の有効成分（解熱鎮痛、抗ヒスタミン、鎮咳、抗炎症、気管支拡張、抗コリン）を含む総合感冒薬です。そのため、特定の症状のみを改善したい場合や、基礎疾患、妊婦・授乳婦、運転者の方には不向きな成分が多く含まれます。<br>・<b>妊婦・授乳婦</b>：本製品は複数の成分が使用を避けるべきとされているため、服用は推奨されません。解熱鎮痛には『アセトアミノフェン単剤』を医師・薬剤師と相談の上、使用を検討してください。咳や鼻水に対しても、単一成分で安全性が確立された漢方薬（例：葛根湯、小青竜湯など、ただし体質による）や、局所作用のある点鼻薬・トローチなどを症状に応じて提案し、総合感冒薬の服用は避けるよう指導してください。<br>・<b>運転をされる方</b>：d-クロルフェニラミンマレイン酸塩、ヨウ化イソプロパミド、ジヒドロコデインリン酸塩による眠気や集中力低下のリスクがあるため、服用中は運転・機械操作を避けるよう指導してください。運転が必要な場合は、眠気成分（抗ヒスタミン薬など）を含まない解熱鎮痛薬や、特定の症状に特化したOTC医薬品（例：アセトアミノフェン単剤、トラネキサム酸単剤など）を検討してください。<br>・<b>基礎疾患をお持ちの方（緑内障、前立腺肥大症、高血圧、心疾患、糖尿病、甲状腺機能亢進症、血栓症既往など）</b>：含有成分の多くがこれらの疾患に禁忌または慎重投与となるため、本製品の服用は避けてください。必ず医師の診察を勧め、症状に合わせた処方薬や、医師・薬剤師が安全と判断した単一成分のOTC薬（例：アセトアミノフェン単剤など）を提案してください。<br>・<b>小児</b>：ジヒドロコデインリン酸塩は2歳未満の乳幼児に呼吸抑制のリスクがあり禁忌です。また、多くの成分が小児への十分な安全性が確認されていないため、小児には小児用の年齢に応じた単一成分製剤（例：アセトアミノフェン単剤）を推奨してください。<br>症状が複数ある場合でも、まずは主となる症状を緩和する単一成分製剤の選択を検討し、複数の成分を同時に摂取する総合感冒薬の服用は慎重に判断するよう指導してください。,【現場_服薬指導エビデンス】<br>・<b>妊婦・授乳婦</b>：<br> ・<b>アセトアミノフェン</b>：妊婦において解熱鎮痛薬として第一選択薬とされていますが、常用・大量使用は避けるべきです。授乳婦についても比較的安全性が高いとされていますが、児の傾眠、哺乳力低下などの異常があれば中止を検討します。<br> ・<b>ヨウ化イソプロパミド</b>：抗コリン作用を有し、動物実験で催奇形性の報告があります。妊婦への使用は禁忌であり、授乳婦も安全性が確立されていないため避けるべきです。<br> ・<b>d-クロルフェニラミンマレイン酸塩</b>：妊娠中の安全性は確立されておらず、特に妊娠後期における使用は新生児に神経学的影響を及ぼす可能性があります。授乳婦も母乳移行し、児に眠気や興奮を引き起こす可能性があるため、使用は避けるべきです。<br> ・<b>トラネキサム酸</b>：妊婦・授乳婦への安全性は確立されていません。動物実験で胎児毒性の報告もあるため、原則として使用は避けるべきです。<br> ・<b>ジヒドロコデインリン酸塩</b>：妊婦への投与は、分娩時に新生児の呼吸抑制を引き起こすリスクがあります。また、長期連用は新生児薬物離脱症候群のリスクがあります。授乳婦は母乳へ移行し、児に呼吸抑制、傾眠、哺乳力低下などの重篤な副作用を引き起こす可能性があるため禁忌です。<br> ・<b>dl-メチルエフェドリン塩酸塩</b>：血管収縮作用により胎盤血流が減少するリスクや、妊娠高血圧症候群を悪化させるリスクがあるため、妊婦には禁忌です。授乳婦も母乳移行の可能性があり、児への影響が不明確なため使用は避けるべきです。<br> ・<b>無水カフェイン</b>：妊婦の大量摂取は胎児の発育遅延や流産のリスクを高める可能性があります。授乳婦は母乳へ移行し、児が興奮したり不眠になったりする可能性があるため、摂取は制限すべきです。<br> ・<b>ヘスペリジン</b>：比較的安全性は高いとされていますが、総合感冒薬としての複合的な影響や、妊娠・授乳中における安全性データは限定的であるため、積極的な使用は推奨されません。<br>・<b>運転・操作</b>：<br> ・<b>d-クロルフェニラミンマレイン酸塩</b>：鎮静作用や抗コリン作用による眠気、集中力低下、視調節障害を引き起こすため、服用中は自動車の運転や機械の操作を避けるよう指導してください。<br> ・<b>ヨウ化イソプロパミド</b>：抗コリン作用による眠気や視調節障害を引き起こす可能性があるため、服用中は自動車の運転や機械の操作を避けるよう指導してください。<br> ・<b>ジヒドロコデインリン酸塩</b>：中枢神経抑制作用による眠気やふらつきを引き起こすため、服用中は自動車の運転や機械の操作を避けるよう指導してください。<br> ・<b>dl-メチルエフェドリン塩酸塩</b>：興奮作用が稀に起こる可能性があり、注意力散漫となる場合があるため注意が必要です。<br> ・<b>無水カフェイン</b>：覚醒作用がありますが、他の鎮静成分の作用を完全に打ち消すものではありません。他の成分による眠気のリスクがあるため、総合的には運転を避けるべきです。<br> ・<b>アセトアミノフェン、トラネキサム酸、ヘスペリジン</b>：通常用量では直接的な眠気や運転操作に影響を及ぼす作用は少ないとされます。<br>・<b>禁忌・受診勧奨</b>：<br> ・<b>アセトアミノフェン</b>：重篤な肝機能障害、腎機能障害、アスピリン喘息の既往がある患者には禁忌または慎重投与です。これらの既往を確認し、該当する場合は受診を勧奨してください。<br> ・<b>ヨウ化イソプロパミド</b>：緑内障（特に閉塞隅角緑内障）、前立腺肥大症による排尿困難、心疾患、麻痺性イレウス、重篤な甲状腺機能亢進症の患者には禁忌です。これらの疾患の有無を必ず確認してください。<br> ・<b>d-クロルフェニラミンマレイン酸塩</b>：緑内障（特に閉塞隅角緑内障）、前立腺肥大症の患者、新生児・乳児には禁忌です。これらの疾患の有無、年齢を確認してください。<br> ・<b>トラネキサム酸</b>：血栓症（脳血栓、心筋梗塞、血栓性静脈炎など）の患者や、血栓症を起こすおそれのある患者には禁忌です。経口避妊薬服用者なども慎重投与です。血栓症の既往やリスク因子の有無を確認してください。<br> ・<b>ジヒドロコデインリン酸塩</b>：2歳未満の乳幼児（呼吸抑制のリスク）、重篤な呼吸抑制、気管支喘息発作時、重篤な肝機能障害、アルコール中毒、麻薬依存症、痙攣状態の患者には禁忌です。これらの状態の有無を必ず確認してください。<br> ・<b>dl-メチルエフェドリン塩酸塩</b>：甲状腺機能亢進症、高血圧症、心疾患、糖尿病、緑内障、前立腺肥大症の患者には禁忌または慎重投与です。これらの疾患の有無を必ず確認してください。<br> ・<b>無水カフェイン</b>：心疾患、胃潰瘍の患者は症状が悪化する可能性があるため慎重投与です。<br> ・<b>ヘスペリジン</b>：特に重要な禁忌はありませんが、出血性疾患のある患者や抗凝固薬を服用している患者は慎重な判断が必要です。<br>・<b>相互作用</b>：<br> ・<b>アセトアミノフェン</b>：アルコールとの併用で肝障害のリスクが増大します。ワルファリン等の抗凝固薬の作用を増強する可能性があります。イソニアジド、リファンピシンなどの肝酵素誘導剤との併用は肝障害リスクを高める可能性があります。<br> ・<b>ヨウ化イソプロパミド</b>：他の抗コリン作用を有する薬剤（例：三環系抗うつ薬、MAO阻害薬、フェノチアジン系薬剤、抗精神病薬）との併用で、口渇、便秘、散瞳などの抗コリン性副作用が増強される可能性があります。<br> ・<b>d-クロルフェニラミンマレイン酸塩</b>：アルコール、中枢神経抑制剤（睡眠薬、抗不安薬など）との併用で鎮静作用が増強されます。MAO阻害薬との併用で抗コリン作用が増強される可能性があります。<br> ・<b>トラネキサム酸</b>：凝固促進剤（ヘモコアグラーゼなど）との併用で、血栓形成を促進するおそれがあるため併用注意です。<br> ・<b>ジヒドロコデインリン酸塩</b>：アルコール、中枢神経抑制剤（睡眠薬、抗不安薬、抗ヒスタミン薬など）、MAO阻害薬との併用で、鎮静作用や呼吸抑制作用が増強される可能性があります。<br> ・<b>dl-メチルエフェドリン塩酸塩</b>：他の交感神経刺激薬との併用で作用が増強されます。MAO阻害薬との併用で高血圧クリーゼを引き起こすリスクがあるため併用禁忌です。甲状腺ホルモン製剤、三環系抗うつ薬との併用も注意が必要です。<br> ・<b>無水カフェイン</b>：エフェドリン系薬剤など他の交感神経刺激薬との併用で作用が増強される可能性があります。MAO阻害薬との併用も注意が必要です。<br> ・<b>ヘスペリジン</b>：特定の薬物との重大な相互作用は確立されていませんが、抗凝固薬との併用で出血リスクに影響を与える可能性が示唆されることもあります。<br>・<b>濫用・MOH</b>：<br> ・<b>ジヒドロコデインリン酸塩</b>：麻薬性鎮咳薬であり、依存性・乱用リスクがあります。中枢神経抑制作用があるため「ダウナー」に分類され、高用量で陶酔感を得る目的で乱用されることがあります。OTC医薬品の乱用問題として、そのリスクについて適切に指導が必要です。<br> ・<b>dl-メチルエフェドリン塩酸塩</b>：交感神経刺激作用を有するため、高用量で興奮、不眠、多幸感などを引き起こす「アッパー」要素を持ちます。乱用される可能性は低いですが、注意が必要です。<br> ・<b>d-クロルフェニラミンマレイン酸塩</b>：高用量で幻覚、興奮、せん妄などの抗コリン性精神症状を引き起こすことがあり、乱用目的で使用されることがあります。<br> ・<b>無水カフェイン</b>：過剰摂取により精神運動興奮、不安、不眠、不整脈などの症状を引き起こします。カフェイン中毒のリスクについて注意喚起が必要です。<br> ・<b>薬剤乱用頭痛（MOH）</b>：本製品に含まれるアセトアミノフェン、ジヒドロコデインリン酸塩、無水カフェインは、長期連用や過量服用により薬剤乱用頭痛（MOH）を引き起こすリスクがあります。漫然とした長期服用は避け、症状が続く場合は医療機関を受診するよう指導してください。<br>・<b>ドーピング・毒性</b>：<br> ・<b>アセトアミノフェン、ヨウ化イソプロパミド、d-クロルフェニラミンマレイン酸塩、トラネキサム酸、ヘスペリジン</b>：WADA（世界アンチ・ドーピング機構）の禁止薬物リストには原則として該当しません。<br> ・<b>ジヒドロコデインリン酸塩</b>：WADAの禁止薬物リスト『S7. 麻薬性鎮痛薬』に該当します。競技会ドーピング検査で陽性となる可能性があります。アスリートへの販売時には特に注意し、服用中止を強く勧奨してください。<br> ・<b>dl-メチルエフェドリン塩酸塩</b>：WADAの禁止薬物リスト『S6. 特定刺激薬』に該当します。競技会ドーピング検査で陽性となる可能性があります。アスリートへの販売時には特に注意し、服用中止を強く勧奨してください。<br> ・<b>無水カフェイン</b>：WADAの『監視プログラム薬物（In-competition only）』です。尿中濃度が閾値（通常12µg/mL超）を超えた場合、禁止薬物として扱われる可能性があります。競技会ドーピング検査の時期には特に注意が必要です。<br> ・<b>毒性</b>：<br>  ・<b>アセトアミノフェン</b>：過量摂取（成人で1回150mg/kg以上または7.5g以上）により重篤な肝障害（劇症肝炎）を引き起こす可能性があります。中毒量・致死量等の詳細はPoisindex等の一次資料を参照。<br>  ・<b>ジヒドロコデインリン酸塩</b>：過量摂取により重篤な呼吸抑制、意識障害、瞳孔縮小、低血圧、ショックなどを引き起こす可能性があります。中毒量・致死量等の詳細はPoisindex等の一次資料を参照。<br>  ・<b>無水カフェイン</b>：過量摂取により中枢神経興奮、心血管系への影響（不整脈、頻脈）、胃腸症状などを引き起こします。中毒量・致死量等の詳細はPoisindex等の一次資料を参照。<br>  ・その他の成分についても、過量摂取によりそれぞれの副作用（抗コリン作用、興奮作用など）が増強され、重篤な状態に至る可能性があります。必ず用法・用量を守るよう指導してください。,"{""成分マトリックス"":[{""成分名"":""アセトアミノフェン"",""妊婦・授乳婦"":{""判定"":""〇"",""備考"":""(妊娠: A / 授乳: 安全（L1相当）) 妊娠全期間・授乳中を通じて第一選択となる解熱鎮痛成分。通常のOTC用量であれば母子ともに安全性が極めて高い。""},""禁忌・受診勧奨"":{""判定"":""✕"",""備考"":""重篤な肝機能障害、腎機能障害、アスピリン喘息の既往がある患者には禁忌または慎重投与です。これらの既往を確認し、該当する場合は受診を勧奨してください。""},""相互作用"":{""判定"":""△"",""備考"":""アルコールとの併用で肝障害のリスクが増大します。ワルファリン等の抗凝固薬の作用を増強する可能性があります。イソニアジド、リファンピシンなどの肝酵素誘導剤との併用は肝障害リスクを高める可能性があります。""},""ドーピング・毒性"":{""判定"":""ー"",""備考"":""過量摂取（成人で1回150mg/kg以上または7.5g以上）により重篤な肝障害（劇症肝炎）を引き起こす可能性があります。中毒量・致死量等の詳細はPoisindex等の一次資料を参照。""}},{""成分名"":""ヨウ化イソプロパミド"",""妊婦・授乳婦"":{""判定"":""〇"",""備考"":""(妊娠: C相当 / 授乳: 相談・注意（L3相当）) 抗コリン薬（鼻炎薬等に配合）。妊婦への使用は比較的安全とされるが、抗コリン作用により母乳分泌を抑制する恐れや、乳児の頻脈リスクがあるため授乳中は使用を避ける。""},""運転・操作"":{""判定"":""ー"",""備考"":""抗コリン作用による眠気や視調節障害を引き起こす可能性があるため、服用中は自動車の運転や機械の操作を避けるよう指導してください。""},""禁忌・受診勧奨"":{""判定"":""✕"",""備考"":""緑内障（特に閉塞隅角緑内障）、前立腺肥大症による排尿困難、心疾患、麻痺性イレウス、重篤な甲状腺機能亢進症の患者には禁忌です。これらの疾患の有無を必ず確認してください。""},""相互作用"":{""判定"":""ー"",""備考"":""他の抗コリン作用を有する薬剤（例：三環系抗うつ薬、MAO阻害薬、フェノチアジン系薬剤、抗精神病薬）との併用で、口渇、便秘、散瞳などの抗コリン性副作用が増強される可能性があります。""}},{""成分名"":""d-クロルフェニラミンマレイン酸塩"",""妊婦・授乳婦"":{""判定"":""〇"",""備考"":""(妊娠: A / 授乳: 相談・注意（L3相当）) 第一世代抗ヒスタミン薬のため、授乳中は乳児の傾眠・過鎮静リスクに注意。妊婦には比較的安全（A）だが、現場ではインシデント防止も含め、フェキソフェナジン等の第二世代への変更が望ましい。""},""運転・操作"":{""判定"":""ー"",""備考"":""鎮静作用や抗コリン作用による眠気、集中力低下、視調節障害を引き起こすため、服用中は自動車の運転や機械の操作を避けるよう指導してください。""},""禁忌・受診勧奨"":{""判定"":""✕"",""備考"":""緑内障（特に閉塞隅角緑内障）、前立腺肥大症の患者、新生児・乳児には禁忌です。これらの疾患の有無、年齢を確認してください。""},""相互作用"":{""判定"":""ー"",""備考"":""アルコール、中枢神経抑制剤（睡眠薬、抗不安薬など）との併用で鎮静作用が増強されます。MAO阻害薬との併用で抗コリン作用が増強される可能性があります。""},""濫用・MOH"":{""判定"":""△"",""備考"":""高用量で幻覚、興奮、せん妄などの抗コリン性精神症状を引き起こすことがあり、乱用目的で使用されることがあります。""}},{""成分名"":""トラネキサム酸"",""妊婦・授乳婦"":{""判定"":""〇"",""備考"":""(妊娠: B1 / 授乳: 安全（L2相当）) 妊婦・授乳婦ともに極めて安全性が高く、咽頭痛に対して現場で最も推奨しやすい成分。血栓性疾患のリスクがなければ第一選択となる。""},""禁忌・受診勧奨"":{""判定"":""✕"",""備考"":""血栓症（脳血栓、心筋梗塞、血栓性静脈炎など）の患者や、血栓症を起こすおそれのある患者には禁忌です。経口避妊薬服用者なども慎重投与です。血栓症の既往やリスク因子の有無を確認してください。""},""相互作用"":{""判定"":""△"",""備考"":""凝固促進剤（ヘモコアグラーゼなど）との併用で、血栓形成を促進するおそれがあるため併用注意です。""}},{""成分名"":""ジヒドロコデインリン酸塩"",""妊婦・授乳婦"":{""判定"":""△"",""備考"":""(妊娠: C / 授乳: 相談・注意（L3相当）) 授乳中の連用により乳児にモルヒネ中毒（傾眠・呼吸抑制等）のリスクあり。OTCの鎮咳薬として短期・単回でも授乳回避または非鎮静性成分への変更を提案する。""},""運転・操作"":{""判定"":""ー"",""備考"":""中枢神経抑制作用による眠気やふらつきを引き起こすため、服用中は自動車の運転や機械の操作を避けるよう指導してください。""},""禁忌・受診勧奨"":{""判定"":""✕"",""備考"":""2歳未満の乳幼児（呼吸抑制のリスク）、重篤な呼吸抑制、気管支喘息発作時、重篤な肝機能障害、アルコール中毒、麻薬依存症、痙攣状態の患者には禁忌です。これらの状態の有無を必ず確認してください。""},""相互作用"":{""判定"":""ー"",""備考"":""アルコール、中枢神経抑制剤（睡眠薬、抗不安薬、抗ヒスタミン薬など）、MAO阻害薬との併用で、鎮静作用や呼吸抑制作用が増強される可能性があります。""},""濫用・MOH"":{""判定"":""△"",""備考"":""麻薬性鎮咳薬であり、依存性・乱用リスクがあります。中枢神経抑制作用があるため「ダウナー」に分類され、高用量で陶酔感を得る目的で乱用されることがあります。OTC医薬品の乱用問題として、そのリスクについて適切に指導が必要です。""},""ドーピング・毒性"":{""判定"":""ー"",""備考"":""過量摂取により重篤な呼吸抑制、意識障害、瞳孔縮小、低血圧、ショックなどを引き起こす可能性があります。中毒量・致死量等の詳細はPoisindex等の一次資料を参照。""}},{""成分名"":""dl-メチルエフェドリン塩酸塩"",""妊婦・授乳婦"":{""判定"":""✕"",""備考"":""(妊娠: A (エフェドリン類) / 授乳: 注意（L3〜L4相当）) 血管収縮作用による母乳分泌量の低下リスクあり。授乳中は可能な限り単回・短期にとどめるか、去痰薬のみの処方（カルボシステイン等）への切り替えを推奨。""},""運転・操作"":{""判定"":""△"",""備考"":""興奮作用が稀に起こる可能性があり、注意力散漫となる場合があるため注意が必要です。""},""禁忌・受診勧奨"":{""判定"":""✕"",""備考"":""甲状腺機能亢進症、高血圧症、心疾患、糖尿病、緑内障、前立腺肥大症の患者には禁忌または慎重投与です。これらの疾患の有無を必ず確認してください。""},""相互作用"":{""判定"":""✕"",""備考"":""他の交感神経刺激薬との併用で作用が増強されます。MAO阻害薬との併用で高血圧クリーゼを引き起こすリスクがあるため併用禁忌です。甲状腺ホルモン製剤、三環系抗うつ薬との併用も注意が必要です。""},""濫用・MOH"":{""判定"":""△"",""備考"":""交感神経刺激作用を有するため、高用量で興奮、不眠、多幸感などを引き起こす「アッパー」要素を持ちます。乱用される可能性は低いですが、注意が必要です。""},""ドーピング・毒性"":{""判定"":""△"",""備考"":""WADAの禁止薬物リスト『S6. 特定刺激薬』に該当します。競技会ドーピング検査で陽性となる可能性があります。アスリートへの販売時には特に注意し、服用中止を強く勧奨してください。""}},{""成分名"":""無水カフェイン"",""妊婦・授乳婦"":{""判定"":""〇"",""備考"":""(妊娠: A相当 / 授乳: 安全（L2相当）) 通常のOTC含有量（1回50mg程度）であれば妊婦・授乳婦ともに影響は少なく安全。ただし、コーヒー等からの過剰摂取（1日200〜300mg以上）には注意を促す。""},""運転・操作"":{""判定"":""〇"",""備考"":""覚醒作用がありますが、他の鎮静成分の作用を完全に打ち消すものではありません。他の成分による眠気のリスクがあるため、総合的には運転を避けるべきです。""},""禁忌・受診勧奨"":{""判定"":""△"",""備考"":""心疾患、胃潰瘍の患者は症状が悪化する可能性があるため慎重投与です。""},""相互作用"":{""判定"":""△"",""備考"":""エフェドリン系薬剤など他の交感神経刺激薬との併用で作用が増強される可能性があります。MAO阻害薬との併用も注意が必要です。""},""濫用・MOH"":{""判定"":""△"",""備考"":""過剰摂取により精神運動興奮、不安、不眠、不整脈などの症状を引き起こします。カフェイン中毒のリスクについて注意喚起が必要です。""},""ドーピング・毒性"":{""判定"":""ー"",""備考"":""過量摂取により中枢神経興奮、心血管系への影響（不整脈、頻脈）、胃腸症状などを引き起こします。中毒量・致死量等の詳細はPoisindex等の一次資料を参照。  ・その他の成分についても、過量摂取によりそれぞれの副作用（抗コリン作用、興奮作用など）が増強され、重篤な状態に至る可能性があります。必ず用法・用量を守るよう指導してください。""}},{""成分名"":""ヘスペリジン"",""妊婦・授乳婦"":{""判定"":""〇"",""備考"":""(妊娠: 未分類 / 授乳: 安全（L1相当）) 柑橘類由来のビタミンP様成分。食品にも含まれる成分であり、妊婦・授乳婦ともに安全性は極めて高い。""},""禁忌・受診勧奨"":{""判定"":""〇"",""備考"":""特に重要な禁忌はありませんが、出血性疾患のある患者や抗凝固薬を服用している患者は慎重な判断が必要です。""},""相互作用"":{""判定"":""△"",""備考"":""特定の薬物との重大な相互作用は確立されていませんが、抗凝固薬との併用で出血リスクに影響を与える可能性が示唆されることもあります。""}},{""成分名"":""アセトアミノフェン、トラネキサム酸、ヘスペリジン"",""運転・操作"":{""判定"":""ー"",""備考"":""通常用量では直接的な眠気や運転操作に影響を及ぼす作用は少ないとされます。""}},{""成分名"":""薬剤乱用頭痛（MOH）"",""濫用・MOH"":{""判定"":""△"",""備考"":""本製品に含まれるアセトアミノフェン、ジヒドロコデインリン酸塩、無水カフェインは、長期連用や過量服用により薬剤乱用頭痛（MOH）を引き起こすリスクがあります。漫然とした長期服用は避け、症状が続く場合は医療機関を受診するよう指導してください。""}},{""成分名"":""アセトアミノフェン、ヨウ化イソプロパミド、d-クロルフェニラミンマレイン酸塩、トラネキサム酸、ヘスペリジン"",""ドーピング・毒性"":{""判定"":""ー"",""備考"":""WADA（世界アンチ・ドーピング機構）の禁止薬物リストには原則として該当しません。""}},{""成分名"":""毒性"",""ドーピング・毒性"":{""判定"":""ー"",""備考"":""""}}]}"
2026/07/07 1:38:31,6,15歳未満の小児,出産予定日12週以内の妊婦は服用しないこと。授乳中の人は服用しないか、服用する場合は授乳を避けること。,"ジヒドロコデインリン酸塩,dl-メチルエフェドリン塩酸塩","{""basis"":""6錠中"",""ingredients"":[{""name"":""イブプロフェン"",""id"":""D00126"",""amount"":600,""unit"":""mg""},{""name"":""ジヒドロコデインリン酸塩"",""id"":""D01481"",""amount"":24,""unit"":""mg""},{""name"":""dl-メチルエフェドリン塩酸塩"",""id"":""D02109"",""amount"":60,""unit"":""mg""},{""name"":""アンブロキソール塩酸塩"",""id"":""D01479"",""amount"":45,""unit"":""mg""},{""name"":""d-クロルフェニラミンマレイン酸塩"",""id"":""D00668"",""amount"":3.5,""unit"":""mg""},{""name"":""無水カフェイン"",""id"":""D00528"",""amount"":75,""unit"":""mg""},{""name"":""リボフラビン"",""id"":""D00050"",""amount"":12,""unit"":""mg""},{""name"":""チアミン硝化物"",""id"":""D03277"",""amount"":25,""unit"":""mg""}]}","{""adult_dose"":""2錠×3回"",""daily_dose"":6,""prohibited_age"":""15歳未満の小児""}","{""driving_warning"":""運転禁止"",""pregnancy_warning"":""出産予定日12週以内の妊婦は服用しないこと。授乳中の人は服用しないか、服用する場合は授乳を避けること。"",""drug_category"":""かぜ薬"",""category_limit"":7,""packages"":[{""package_type"":""12錠"",""estimated_days"":2,""capacity_judgment"":""小容量""},{""package_type"":""24錠"",""estimated_days"":4,""capacity_judgment"":""小容量""}]}",本剤はイブプロフェン600mg（1日量）を配合し、のどの痛みや発熱を緩和します。ジヒドロコデインリン酸塩とdl-メチルエフェドリン塩酸塩がせきを鎮め、アンブロキソール塩酸塩がたんの排出を助けます。8種の成分配合により、かぜの諸症状（せき、たん、のどの痛み、鼻水、鼻づまり、くしゃみ、悪寒、発熱、頭痛、関節痛、筋肉痛）を総合的に緩和する、小型の淡黄色のカプレット錠です。,ベンザブロックTプレミアムDX,〇,-,"【⚠️レッドフラッグあり：現場確認必須】

【イブプロフェン】(妊娠: C / D (妊娠後期) / 授乳: 安全（L1相当）)
授乳中は母乳移行が極めて少なく安全（L1）。妊娠初期〜中期は有益性投与（C）だが、妊娠後期（28週以降）は動脈管収縮リスクのため禁忌（D）。

【ジヒドロコデインリン酸塩】(妊娠: C / 授乳: 相談・注意（L3相当）)
授乳中の連用により乳児にモルヒネ中毒（傾眠・呼吸抑制等）のリスクあり。OTCの鎮咳薬として短期・単回でも授乳回避または非鎮静性成分への変更を提案する。

【dl-メチルエフェドリン塩酸塩】(妊娠: A (エフェドリン類) / 授乳: 注意（L3〜L4相当）)
血管収縮作用による母乳分泌量の低下リスクあり。授乳中は可能な限り単回・短期にとどめるか、去痰薬のみの処方（カルボシステイン等）への切り替えを推奨。

【アンブロキソール塩酸塩】(妊娠: A相当 / 授乳: 安全（L2相当）)
気道潤滑薬（去痰薬）。臨床的な安全性が高く、通常のOTC用量であれば妊婦・授乳婦ともに安全に使用できる。ただし妊娠初期（12週以内）は念のため短期使用にとどめる。

【d-クロルフェニラミンマレイン酸塩】(妊娠: A / 授乳: 相談・注意（L3相当）)
第一世代抗ヒスタミン薬のため、授乳中は乳児の傾眠・過鎮静リスクに注意。妊婦には比較的安全（A）だが、現場ではインシデント防止も含め、フェキソフェナジン等の第二世代への変更が望ましい。

【無水カフェイン】(妊娠: A相当 / 授乳: 安全（L2相当）)
通常のOTC含有量（1回50mg程度）であれば妊婦・授乳婦ともに影響は少なく安全。ただし、コーヒー等からの過剰摂取（1日200〜300mg以上）には注意を促す。

【リボフラビン】(妊娠: A / 授乳: 安全（L1相当）)
ビタミンB2。妊婦・授乳婦ともに安全に服用可能。尿が黄色くなることがあるため、服薬指導時にその旨を添えると患者の安心感に繋がる。

【チアミン硝化物】(妊娠: A / 授乳: 安全（L1相当）)
ビタミンB1誘導体。神経や筋肉の働きを助ける水溶性ビタミンであり、過剰症のリスクもなく妊婦・授乳婦ともに極めて安全。",【現場_代替薬提案】<br>本剤はイブプロフェン、ジヒドロコデインリン酸塩、dl-メチルエフェドリン塩酸塩、d-クロルフェニラミンマレイン酸塩といった様々なリスク成分を含む総合感冒薬です。特定の患者層（妊婦・授乳婦、12歳未満の小児、基礎疾患をお持ちの方、運転・機械操作をされる方など）には使用が不適切であるため、症状に応じたより安全な代替薬の提案が推奨されます。<br>・<b>発熱・頭痛</b>：アセトアミノフェン単剤（妊娠中も比較的安全な第一選択薬です）。<br>・<b>咳</b>：非麻薬性鎮咳薬（デキストロメトルファン等）単剤、または生薬成分を主とした鎮咳薬。<br>・<b>鼻症状（鼻水・くしゃみ）</b>：非鎮静性抗ヒスタミン薬（ロラタジン、フェキソフェナジン等）、または鼻噴霧ステロイド薬。<br>・<b>鼻づまり</b>：点鼻血管収縮薬（短期使用に限定）、または生理食塩水点鼻。<br>・<b>痰</b>：去痰薬（アンブロキソール単剤など）。<br>総合感冒薬としてではなく、症状ごとに適した単剤での治療を検討してください。,【現場_服薬指導エビデンス】<br>・<b>妊婦・授乳婦</b>：<br> ・<b>イブプロフェン</b>：妊娠後期（28週以降）は胎児の動脈管収縮・閉鎖、肺高血圧症を引き起こすリスクがあり禁忌です。妊娠初期〜中期も可能な限り避け、医師または薬剤師に相談するよう指導してください。成育医療センターの妊娠中の薬に関するリスク分類では『L3（使用には注意が必要）』に分類されることがあります。授乳中は乳汁移行が確認されており、乳児に影響を与える可能性があります（成育医療センターの授乳中の薬に関するリスク分類では『L3またはL4』とされることがあります）。<br> ・<b>ジヒドロコデインリン酸塩</b>：妊婦は禁忌です。胎盤を通過し、新生児に呼吸抑制、傾眠、振戦などの重篤な副作用を引き起こす可能性があります。授乳中も乳汁移行し、乳児に呼吸抑制、嗜眠、哺乳力低下などのリスクがあるため禁忌です。授乳中の薬に関するリスク分類では『L4（授乳中に危険の可能性がある）』に分類されます。特にCYP2D6遺伝子型によっては母体や乳児に重篤な呼吸抑制のリスクが高まるため、絶対的な禁忌としてください。<br> ・<b>dl-メチルエフェドリン塩酸塩</b>：妊婦への使用は注意が必要です。胎盤を通過し、胎児の心拍数増加や不整脈、子宮収縮増強の可能性が指摘されています。授乳中は乳汁移行が確認されており、乳児に興奮、不眠、易刺激性などを引き起こす可能性があります。可能な限り避けるよう指導してください。<br> ・<b>アンブロキソール塩酸塩</b>：妊婦への使用は注意が必要です。特に妊娠初期3ヶ月間の安全性は確立していません。授乳中は乳汁移行が確認されていますが、乳児への影響は少ないとされています。しかし、念のため服用は医師・薬剤師に相談を促してください。<br> ・<b>d-クロルフェニラミンマレイン酸塩</b>：妊婦への使用は注意が必要です。特に妊娠後期に服用すると、胎児や新生児に錐体外路症状、刺激過敏、傾眠などの影響を与える可能性があります。授乳中は乳汁移行し、乳児に傾眠、興奮、不機嫌、哺乳量の減少などを引き起こす可能性があり、また乳汁分泌抑制作用も報告されているため、服用は避けるよう指導してください。<br> ・<b>無水カフェイン</b>：過剰摂取は流産や低出生体重児のリスクを高める可能性があります。通常の総合感冒薬に含まれる量であれば大きな問題にはなりにくいですが、他のカフェイン含有飲料などとの併用による過剰摂取には注意が必要です。授乳中も乳汁移行し、乳児に不眠や過敏性を引き起こす可能性があります。カフェインの摂取量を全体で管理するよう指導してください。<br> ・<b>リボフラビン、チアミン硝化物</b>：通常の摂取量であれば、妊婦・授乳婦ともに問題ないとされています。過剰な摂取は避けるよう指導してください。<br>・<b>運転・操作</b>：<br> 本剤には、眠気やめまいを引き起こす可能性のある成分が含まれており、服用後の自動車の運転や機械の操作は大変危険なため『絶対に禁止』と指導してください。<br> ・<b>d-クロルフェニラミンマレイン酸塩</b>：強い鎮静作用があり、顕著な眠気を引き起こします。<br> ・<b>ジヒドロコデインリン酸塩</b>：傾眠、めまい、意識障害などの副作用があり、集中力や注意力を低下させます。<br> ・<b>イブプロフェン</b>：まれに眠気、めまい、視覚障害などを起こすことがあります。<br> ・<b>dl-メチルエフェドリン塩酸塩</b>：めまい、不眠、興奮などを起こす可能性があります。<br>・<b>禁忌・受診勧奨</b>：<br> 本剤は多くの成分を含むため、以下の患者様には禁忌または慎重な検討が必要です。購入前に必ず基礎疾患を確認し、該当する場合は医療機関への受診を勧奨してください。<br> ・<b>イブプロフェン</b>：消化性潰瘍の既往歴・現在、重篤な血液の異常、重篤な肝機能障害、重篤な腎機能障害、重篤な心機能不全、アスピリン喘息またはその既往歴、妊娠後期。高齢者や小児、脱水状態の患者は腎障害のリスクが高まるため慎重投与。<br> ・<b>ジヒドロコデインリン酸塩</b>：12歳未満の小児（呼吸抑制リスク）、重篤な呼吸抑制のある患者、気管支喘息発作中、アヘンアルカロイドに対し過敏症の既往歴、アルコール中毒、緑内障、前立腺肥大症等による排尿困難のある患者。重篤な肝機能障害患者。<br> ・<b>dl-メチルエフェドリン塩酸塩</b>：甲状腺機能亢進症、高血圧症、心疾患（狭心症、不整脈等）、糖尿病、前立腺肥大症による排尿困難のある患者、緑内障。興奮、不眠、めまいなどの精神神経症状の報告があります。<br> ・<b>d-クロルフェニラミンマレイン酸塩</b>：緑内障（特に閉塞隅角緑内障）、前立腺肥大症等による排尿困難のある患者、甲状腺機能亢進症、高血圧症、心疾患。強い抗コリン作用により、これらの症状を悪化させる可能性があります。<br> ・<b>総合</b>：上記疾患をお持ちの方、またはその疑いがある方は服用を避け、必ず医師または薬剤師に相談するよう指導してください。特に高齢者は複数の基礎疾患を持つことが多く、副作用のリスクが高まるため、より慎重な判断が必要です。<br>・<b>相互作用</b>：<br> ・<b>アルコール</b>：本剤に含まれるジヒドロコデイン、d-クロルフェニラミン、イブプロフェン、dl-メチルエフェドリンはアルコールとの併用により、中枢神経抑制作用（眠気、めまい）や消化器症状、精神神経症状のリスクを増強させるため、服薬中の『飲酒は避ける』よう指導してください。<br> ・<b>イブプロフェン</b>：他のNSAIDs（鎮痛消炎剤）、抗凝固薬（ワルファリン）、利尿薬、ACE阻害薬、アンジオテンシンII受容体拮抗薬、メトトレキサート、SSRI（選択的セロトニン再取り込み阻害薬）、リチウム、フェニトインとの併用で副作用増強や薬効減弱の可能性があります。<br> ・<b>ジヒドロコデインリン酸塩</b>：中枢神経抑制薬（アルコール、他の鎮静性抗ヒスタミン薬、睡眠薬、抗不安薬、抗精神病薬）との併用で、過度な鎮静や呼吸抑制を引き起こす可能性があります。MAO阻害薬との併用は高血圧性クリーゼや重度の中枢神経抑制作用を来すリスクがあります。抗コリン作用を有する薬剤との併用で便秘、排尿困難などが増強される可能性があります。<br> ・<b>dl-メチルエフェドリン塩酸塩</b>：他の交感神経刺激薬、MAO阻害薬、甲状腺ホルモン製剤、三環系抗うつ薬、選択的セロトニン再取り込み阻害薬（SSRI）、ブロモクリプチンとの併用で高血圧、動悸、不整脈、興奮などの副作用が増強される可能性があります。<br> ・<b>d-クロルフェニラミンマレイン酸塩</b>：他の抗ヒスタミン薬、中枢神経抑制薬（アルコール、睡眠薬、抗不安薬など）、MAO阻害薬、抗コリン作用を有する薬剤（パーキンソン病治療薬、一部の精神科薬など）との併用で、鎮静作用や抗コリン作用が増強される可能性があります。<br> ・<b>無水カフェイン</b>：他のカフェイン含有製剤（コーヒー、エナジードリンクなど）との併用で過剰摂取となり、中枢神経興奮作用（不眠、動悸、興奮、震え）が増強される可能性があります。MAO阻害薬、エフェドリン含有製剤との併用は避けるべきです。一部の抗生物質（ニューキノロン系）やシメチジン、経口避妊薬はカフェインの代謝を阻害し、作用を増強する可能性があります。<br>・<b>濫用・MOH</b>：<br> ・<b>ジヒドロコデインリン酸塩</b>：オピオイド系麻薬性鎮咳成分であり、依存性や乱用のリスクがあります。連用により『薬剤乱用頭痛（MOH）』を引き起こす可能性があるため、漫然とした使用は厳禁です。用法・用量を厳守し、長期連用は避けるよう強く指導してください。<br> ・<b>dl-メチルエフェドリン塩酸塩</b>：覚醒作用があり、大量摂取により興奮、不眠、多幸感などを引き起こす可能性があり、精神的依存のリスクがあります。<br> ・<b>無水カフェイン</b>：興奮作用があり、長期連用や大量摂取で身体的・精神的依存を形成することがあります。離脱症状として頭痛や倦怠感が知られています。<br> ・<b>総合</b>：本剤はアッパー系（dl-メチルエフェドリン、カフェイン）とダウナー系（ジヒドロコデイン、d-クロルフェニラミン）の両方の作用を持つ成分を複合的に含むため、濫用・依存のリスクが複合的に高まります。指定された用法・用量を守り、安易な増量や長期連用は避けるように注意喚起し、依存の兆候が見られた場合は専門機関への相談を勧奨してください。<br>・<b>ドーピング・毒性</b>：<br> ・<b>イブプロフェン</b>：世界アンチ・ドーピング規程（WADA）の禁止物質リストには『該当しません』。<br> ・<b>ジヒドロコデインリン酸塩</b>：WADA禁止物質リストの『S7. Narcotics（競技会時禁止物質）』に『該当します』。競技会期間中の使用は陽性反応となる可能性があります。<br> ・<b>dl-メチルエフェドリン塩酸塩</b>：WADA禁止物質リストの『S6. Stimulants（競技会時禁止物質）』に『該当します』。競技会期間中の使用は陽性反応となる可能性があります。<br> ・<b>アンブロキソール塩酸塩</b>：WADA禁止物質リストには『該当しません』。<br> ・<b>d-クロルフェニラミンマレイン酸塩</b>：WADA禁止物質リストには『該当しません』。<br> ・<b>無水カフェイン</b>：WADA禁止物質リストには『該当しません』が、過去には禁止物質であり、競技会中に高用量摂取することでパフォーマンス向上効果が期待されるため、摂取量には注意が必要です。<br> ・<b>リボフラビン、チアミン硝化物</b>：WADA禁止物質リストには『該当しません』。<br> ・<b>毒性</b>：<br> ・<b>イブプロフェン</b>：中毒量に関する明確な情報はありませんが、大量摂取で消化器症状（吐き気、嘔吐、腹痛）、腎機能障害、中枢神経症状（傾眠、めまい、痙攣）などが現れる可能性があります。<br> ・<b>ジヒドロコデインリン酸塩</b>：【要確認】中毒量・致死量等の詳細はPoisindex等の一次資料を参照。過量摂取により呼吸抑制、意識障害、瞳孔収縮などが主要な症状として現れます。<br> ・<b>dl-メチルエフェドリン塩酸塩</b>：【要確認】中毒量・致死量等の詳細はPoisindex等の一次資料を参照。過量摂取により動悸、不整脈、高血圧、精神症状（興奮、幻覚）、痙攣などが現れる可能性があります。<br> ・<b>d-クロルフェニラミンマレイン酸塩</b>：【要確認】中毒量・致死量等の詳細はPoisindex等の一次資料を参照。過量摂取により抗コリン作用による口渇、散瞳、頻脈、幻覚、痙攣、意識障害などが現れる可能性があります。<br> ・<b>無水カフェイン</b>：【要確認】中毒量・致死量等の詳細はPoisindex等の一次資料を参照。過量摂取により頻脈、不整脈、不眠、不安、振戦、嘔吐、痙攣などが現れる可能性があります。,"{""成分マトリックス"":[{""成分名"":""イブプロフェン"",""妊婦・授乳婦"":{""判定"":""✕"",""備考"":""(妊娠: C / D (妊娠後期) / 授乳: 安全（L1相当）) 授乳中は母乳移行が極めて少なく安全（L1）。妊娠初期〜中期は有益性投与（C）だが、妊娠後期（28週以降）は動脈管収縮リスクのため禁忌（D）。""},""運転・操作"":{""判定"":""ー"",""備考"":""まれに眠気、めまい、視覚障害などを起こすことがあります。""},""禁忌・受診勧奨"":{""判定"":""△"",""備考"":""消化性潰瘍の既往歴・現在、重篤な血液の異常、重篤な肝機能障害、重篤な腎機能障害、重篤な心機能不全、アスピリン喘息またはその既往歴、妊娠後期。高齢者や小児、脱水状態の患者は腎障害のリスクが高まるため慎重投与。""},""相互作用"":{""判定"":""ー"",""備考"":""他のNSAIDs（鎮痛消炎剤）、抗凝固薬（ワルファリン）、利尿薬、ACE阻害薬、アンジオテンシンII受容体拮抗薬、メトトレキサート、SSRI（選択的セロトニン再取り込み阻害薬）、リチウム、フェニトインとの併用で副作用増強や薬効減弱の可能性があります。""},""ドーピング・毒性"":{""判定"":""〇"",""備考"":""中毒量に関する明確な情報はありませんが、大量摂取で消化器症状（吐き気、嘔吐、腹痛）、腎機能障害、中枢神経症状（傾眠、めまい、痙攣）などが現れる可能性があります。""}},{""成分名"":""ジヒドロコデインリン酸塩"",""妊婦・授乳婦"":{""判定"":""△"",""備考"":""(妊娠: C / 授乳: 相談・注意（L3相当）) 授乳中の連用により乳児にモルヒネ中毒（傾眠・呼吸抑制等）のリスクあり。OTCの鎮咳薬として短期・単回でも授乳回避または非鎮静性成分への変更を提案する。""},""運転・操作"":{""判定"":""△"",""備考"":""傾眠、めまい、意識障害などの副作用があり、集中力や注意力を低下させます。""},""禁忌・受診勧奨"":{""判定"":""△"",""備考"":""12歳未満の小児（呼吸抑制リスク）、重篤な呼吸抑制のある患者、気管支喘息発作中、アヘンアルカロイドに対し過敏症の既往歴、アルコール中毒、緑内障、前立腺肥大症等による排尿困難のある患者。重篤な肝機能障害患者。""},""相互作用"":{""判定"":""△"",""備考"":""中枢神経抑制薬（アルコール、他の鎮静性抗ヒスタミン薬、睡眠薬、抗不安薬、抗精神病薬）との併用で、過度な鎮静や呼吸抑制を引き起こす可能性があります。MAO阻害薬との併用は高血圧性クリーゼや重度の中枢神経抑制作用を来すリスクがあります。抗コリン作用を有する薬剤との併用で便秘、排尿困難などが増強される可能性があります。""},""濫用・MOH"":{""判定"":""△"",""備考"":""オピオイド系麻薬性鎮咳成分であり、依存性や乱用のリスクがあります。連用により『薬剤乱用頭痛（MOH）』を引き起こす可能性があるため、漫然とした使用は厳禁です。用法・用量を厳守し、長期連用は避けるよう強く指導してください。""},""ドーピング・毒性"":{""判定"":""ー"",""備考"":""【要確認】中毒量・致死量等の詳細はPoisindex等の一次資料を参照。過量摂取により呼吸抑制、意識障害、瞳孔収縮などが主要な症状として現れます。""}},{""成分名"":""dl-メチルエフェドリン塩酸塩"",""妊婦・授乳婦"":{""判定"":""✕"",""備考"":""(妊娠: A (エフェドリン類) / 授乳: 注意（L3〜L4相当）) 血管収縮作用による母乳分泌量の低下リスクあり。授乳中は可能な限り単回・短期にとどめるか、去痰薬のみの処方（カルボシステイン等）への切り替えを推奨。""},""運転・操作"":{""判定"":""ー"",""備考"":""めまい、不眠、興奮などを起こす可能性があります。""},""禁忌・受診勧奨"":{""判定"":""ー"",""備考"":""甲状腺機能亢進症、高血圧症、心疾患（狭心症、不整脈等）、糖尿病、前立腺肥大症による排尿困難のある患者、緑内障。興奮、不眠、めまいなどの精神神経症状の報告があります。""},""相互作用"":{""判定"":""ー"",""備考"":""他の交感神経刺激薬、MAO阻害薬、甲状腺ホルモン製剤、三環系抗うつ薬、選択的セロトニン再取り込み阻害薬（SSRI）、ブロモクリプチンとの併用で高血圧、動悸、不整脈、興奮などの副作用が増強される可能性があります。""},""濫用・MOH"":{""判定"":""△"",""備考"":""覚醒作用があり、大量摂取により興奮、不眠、多幸感などを引き起こす可能性があり、精神的依存のリスクがあります。""},""ドーピング・毒性"":{""判定"":""ー"",""備考"":""【要確認】中毒量・致死量等の詳細はPoisindex等の一次資料を参照。過量摂取により動悸、不整脈、高血圧、精神症状（興奮、幻覚）、痙攣などが現れる可能性があります。""}},{""成分名"":""アンブロキソール塩酸塩"",""妊婦・授乳婦"":{""判定"":""〇"",""備考"":""(妊娠: A相当 / 授乳: 安全（L2相当）) 気道潤滑薬（去痰薬）。臨床的な安全性が高く、通常のOTC用量であれば妊婦・授乳婦ともに安全に使用できる。ただし妊娠初期（12週以内）は念のため短期使用にとどめる。""},""ドーピング・毒性"":{""判定"":""ー"",""備考"":""WADA禁止物質リストには『該当しません』。""}},{""成分名"":""d-クロルフェニラミンマレイン酸塩"",""妊婦・授乳婦"":{""判定"":""〇"",""備考"":""(妊娠: A / 授乳: 相談・注意（L3相当）) 第一世代抗ヒスタミン薬のため、授乳中は乳児の傾眠・過鎮静リスクに注意。妊婦には比較的安全（A）だが、現場ではインシデント防止も含め、フェキソフェナジン等の第二世代への変更が望ましい。""},""運転・操作"":{""判定"":""ー"",""備考"":""強い鎮静作用があり、顕著な眠気を引き起こします。""},""禁忌・受診勧奨"":{""判定"":""ー"",""備考"":""緑内障（特に閉塞隅角緑内障）、前立腺肥大症等による排尿困難のある患者、甲状腺機能亢進症、高血圧症、心疾患。強い抗コリン作用により、これらの症状を悪化させる可能性があります。""},""相互作用"":{""判定"":""ー"",""備考"":""他の抗ヒスタミン薬、中枢神経抑制薬（アルコール、睡眠薬、抗不安薬など）、MAO阻害薬、抗コリン作用を有する薬剤（パーキンソン病治療薬、一部の精神科薬など）との併用で、鎮静作用や抗コリン作用が増強される可能性があります。""},""ドーピング・毒性"":{""判定"":""ー"",""備考"":""【要確認】中毒量・致死量等の詳細はPoisindex等の一次資料を参照。過量摂取により抗コリン作用による口渇、散瞳、頻脈、幻覚、痙攣、意識障害などが現れる可能性があります。""}},{""成分名"":""無水カフェイン"",""妊婦・授乳婦"":{""判定"":""〇"",""備考"":""(妊娠: A相当 / 授乳: 安全（L2相当）) 通常のOTC含有量（1回50mg程度）であれば妊婦・授乳婦ともに影響は少なく安全。ただし、コーヒー等からの過剰摂取（1日200〜300mg以上）には注意を促す。""},""相互作用"":{""判定"":""ー"",""備考"":""他のカフェイン含有製剤（コーヒー、エナジードリンクなど）との併用で過剰摂取となり、中枢神経興奮作用（不眠、動悸、興奮、震え）が増強される可能性があります。MAO阻害薬、エフェドリン含有製剤との併用は避けるべきです。一部の抗生物質（ニューキノロン系）やシメチジン、経口避妊薬はカフェインの代謝を阻害し、作用を増強する可能性があります。""},""濫用・MOH"":{""判定"":""△"",""備考"":""興奮作用があり、長期連用や大量摂取で身体的・精神的依存を形成することがあります。離脱症状として頭痛や倦怠感が知られています。""},""ドーピング・毒性"":{""判定"":""ー"",""備考"":""【要確認】中毒量・致死量等の詳細はPoisindex等の一次資料を参照。過量摂取により頻脈、不整脈、不眠、不安、振戦、嘔吐、痙攣などが現れる可能性があります。""}},{""成分名"":""リボフラビン、チアミン硝化物"",""妊婦・授乳婦"":{""判定"":""ー"",""備考"":""通常の摂取量であれば、妊婦・授乳婦ともに問題ないとされています。過剰な摂取は避けるよう指導してください。""},""ドーピング・毒性"":{""判定"":""ー"",""備考"":""WADA禁止物質リストには『該当しません』。""}},{""成分名"":""総合"",""禁忌・受診勧奨"":{""判定"":""△"",""備考"":""上記疾患をお持ちの方、またはその疑いがある方は服用を避け、必ず医師または薬剤師に相談するよう指導してください。特に高齢者は複数の基礎疾患を持つことが多く、副作用のリスクが高まるため、より慎重な判断が必要です。""},""濫用・MOH"":{""判定"":""△"",""備考"":""本剤はアッパー系（dl-メチルエフェドリン、カフェイン）とダウナー系（ジヒドロコデイン、d-クロルフェニラミン）の両方の作用を持つ成分を複合的に含むため、濫用・依存のリスクが複合的に高まります。指定された用法・用量を守り、安易な増量や長期連用は避けるように注意喚起し、依存の兆候が見られた場合は専門機関への相談を勧奨してください。""}},{""成分名"":""アルコール"",""相互作用"":{""判定"":""△"",""備考"":""本剤に含まれるジヒドロコデイン、d-クロルフェニラミン、イブプロフェン、dl-メチルエフェドリンはアルコールとの併用により、中枢神経抑制作用（眠気、めまい）や消化器症状、精神神経症状のリスクを増強させるため、服薬中の『飲酒は避ける』よう指導してください。""}},{""成分名"":""毒性"",""ドーピング・毒性"":{""判定"":""ー"",""備考"":""""}},{""成分名"":""リボフラビン"",""妊婦・授乳婦"":{""判定"":""〇"",""備考"":""(妊娠: A / 授乳: 安全（L1相当）) ビタミンB2。妊婦・授乳婦ともに安全に服用可能。尿が黄色くなることがあるため、服薬指導時にその旨を添えると患者の安心感に繋がる。""}},{""成分名"":""チアミン硝化物"",""妊婦・授乳婦"":{""判定"":""〇"",""備考"":""(妊娠: A / 授乳: 安全（L1相当）) ビタミンB1誘導体。神経や筋肉の働きを助ける水溶性ビタミンであり、過剰症のリスクもなく妊婦・授乳婦ともに極めて安全。""}}]}"
2026/07/07 1:39:41,9,7歳未満,妊婦又は妊娠していると思われる人、授乳中の人は服用前に医師、薬剤師又は登録販売者に相談すること,"デキストロメトルファン, メチルエフェドリン","{""basis"":""9錠中"",""ingredients"":[{""name"":""クレマスチンフマル酸塩"",""id"":""D00666"",""amount"":1.34,""unit"":""mg""},{""name"":""ベラドンナ総アルカロイド"",""id"":null,""amount"":0.3,""unit"":""mg""},{""name"":""ブロムヘキシン塩酸塩"",""id"":""D01778"",""amount"":12,""unit"":""mg""},{""name"":""トラネキサム酸"",""id"":""D01136"",""amount"":420,""unit"":""mg""},{""name"":""アセトアミノフェン"",""id"":""D00217"",""amount"":900,""unit"":""mg""},{""name"":""dl-メチルエフェドリン塩酸塩"",""id"":""D02109"",""amount"":60,""unit"":""mg""},{""name"":""デキストロメトルファン臭化水素酸塩水和物"",""id"":""D00848"",""amount"":48,""unit"":""mg""},{""name"":""無水カフェイン"",""id"":""D00528"",""amount"":60,""unit"":""mg""}]}","{""adult_dose"":""3錠×3回"",""daily_dose"":9,""prohibited_age"":""7歳未満""}","{""driving_warning"":""運転禁止"",""pregnancy_warning"":""妊婦又は妊娠していると思われる人、授乳中の人は服用前に医師、薬剤師又は登録販売者に相談すること"",""drug_category"":""かぜ薬"",""category_limit"":7,""packages"":[{""package_type"":""30錠"",""estimated_days"":3.3,""capacity_judgment"":""小容量""},{""package_type"":""60錠"",""estimated_days"":6.7,""capacity_judgment"":""小容量""},{""package_type"":""90錠"",""estimated_days"":10,""capacity_judgment"":""大容量""}]}",新ルルAゴールドDXαは、つらいかぜの11症状（のどの痛み、発熱、鼻水、鼻づまり、せき、たん、悪寒、頭痛、くしゃみ、関節の痛み、筋肉の痛み）すべてに優れた効き目を発揮する総合かぜ薬です。抗炎症成分トラネキサム酸と解熱鎮痛成分アセトアミノフェンがのどの痛み・発熱に、持続性抗ヒスタミン成分クレマスチンフマル酸塩と副交感神経遮断成分ベラドンナ総アルカロイドが鼻水・鼻づまりに、去痰成分ブロムヘキシン塩酸塩がせき・たんに効果を発揮します。7歳以上から服用でき、苦味のない小粒の糖衣錠です。,新ルルAゴールドDXα,＊〇,"""「ルルと名のつくかぜ薬（内用）は、ドロップも含めてすべて指定濫用該当（1人1個制限）」
## ルルアタック シリーズ（症状特化型・15歳以上）
* ルルアタックCX：【つらいせき・たん】に、去たん成分L-カルボシステインと抗炎症イブプロフェンを配合。
* ルルアタックCXプレミアム：【つらいせき・たん】に、イブプロフェンを1日最大量600mgまで増量し抗炎症を強化。
* ルルアタックEX：【つらいのどの痛み・熱】に、炎症を抑えるトラネキサム酸とイブプロフェンをダブル配合。
* ルルアタックEXプレミアム：【つらいのどの痛み・熱】に、イブプロフェンを1日最大量600mgまで増量し鎮痛を強化。
* ルルアタックFXa：【つらい発熱・さむけ】に、熱を下げるアセトアミノフェンやショウキキョウエキスなどを配合。
* ルルアタックNX：【つらい鼻水・鼻づまり】に、鼻水を止めるヨウ化イソプロパミドやd-クロルフェニラミンを配合。
* ルルアタックNXプレミアム：【つらい鼻水・鼻づまり】に、さらに喉の腫れを抑えるトラネキサム酸を新配合。
## ルル・新ルル シリーズ（定番総合かぜ薬・家族向けなど）
* ルルゴールド細粒：【家族の総合かぜ薬】に、のどの痛みや鼻水に効くアセトアミノフェンや生薬を配合（1歳から服用可の粉末）。
* 新ルル-A錠s：【家族の総合かぜ薬】に、のどの痛み、鼻水、せきに効く成分をバランスよく配合した伝統の白の錠剤。
* 新ルルAゴールドDXα：【つらい鼻水・のどの痛み】に、持続性抗ヒスタミン成分クレマチシンやトラネキサム酸をプラス。コデインをDXMに変えて呼吸リスクを回避したため、「7歳から服用可能」（ただしベラドンナの抗コリン毒性の制限により7歳未満は不可）
* 新ルルS細粒：【家族の総合かぜ薬】に、アセトアミノフェンなどを配合した、溶けやすく苦みのないサッと飲める粉末。""","【⚠️レッドフラッグあり：現場確認必須】

【クレマスチンフマル酸塩】(妊娠: B1 / 授乳: 危険（L4相当）)
第一世代抗ヒスタミン薬の中でも特に乳児への移行性が高く、傾眠や哺乳力低下のリスクが報告されているため授乳中は使用を避ける。妊婦には比較的安全。

【ベラドンナ総アルカロイド】(妊娠: C相当 / 授乳: 注意（L3相当）)
抗コリン作用により母乳分泌を抑制する恐れや、乳児の頻脈リスクがあるため授乳中は避ける。妊婦にも胎児の頻脈リスクがあるため原則として使用を控える[cite: 20]。

【ブロムヘキシン塩酸塩】(妊娠: A / 授乳: 安全（L2相当）)
気道粘液分泌促進薬。妊婦・授乳婦に対する明らかな有害事象の報告はなく比較的安全だが、妊娠中の第一選択としてはカルボシステイン等が推奨されることが多い。

【トラネキサム酸】(妊娠: B1 / 授乳: 安全（L2相当）)
妊婦・授乳婦ともに極めて安全性が高く、咽頭痛に対して現場で最も推奨しやすい成分。血栓性疾患のリスクがなければ第一選択となる。

【アセトアミノフェン】(妊娠: A / 授乳: 安全（L1相当）)
妊娠全期間・授乳中を通じて第一選択となる解熱鎮痛成分。通常のOTC用量であれば母子ともに安全性が極めて高い。

【dl-メチルエフェドリン塩酸塩】(妊娠: A (エフェドリン類) / 授乳: 注意（L3〜L4相当）)
血管収縮作用による母乳分泌量の低下リスクあり。授乳中は可能な限り単回・短期にとどめるか、去痰薬のみの処方（カルボシステイン等）への切り替えを推奨。

【デキストロメトルファン臭化水素酸塩水和物】(妊娠: A / 授乳: 相談・注意（L3相当）)
妊婦には安全に使用可能（A）。授乳中も通常量であれば安全とされるが、乳児の呼吸抑制に注意。コデイン類が禁忌のケースで優先して提案できる鎮咳成分。

【無水カフェイン】(妊娠: A相当 / 授乳: 安全（L2相当）)
通常のOTC含有量（1回50mg程度）であれば妊婦・授乳婦ともに影響は少なく安全。ただし、コーヒー等からの過剰摂取（1日200〜300mg以上）には注意を促す。",【現場_代替薬提案】<br>本製品は多くの有効成分を含む総合感冒薬であり、特にクレマスチンフマル酸塩（抗ヒスタミン成分）、ベラドンナ総アルカロイド（抗コリン成分）、dl-メチルエフェドリン塩酸塩（交感神経刺激成分）、デキストロメトルファン臭化水素酸塩水和物（鎮咳成分）を含むため、特定の患者層には推奨できません。対象患者の状況に応じた代替薬を提案します。<br>・<b>妊婦・授乳婦</b>：発熱や痛みにはアセトアミノフェン単剤を第一選択として推奨。咳には医師・薬剤師に相談の上、漢方薬（例：麦門冬湯）や、妊娠中でも比較的安全性が確認されている鎮咳薬を検討。<br>・<b>運転・機械操作を行う可能性のある方</b>：クレマスチンフマル酸塩、ベラドンナ総アルカロイド、dl-メチルエフェドリン塩酸塩、デキストロメトルファン臭化水素酸塩水和物はいずれも眠気やめまい、視調節障害、興奮等の副作用を引き起こす可能性があるため、これらの成分を含まない単剤（例：アセトアミノフェン単剤など）を推奨します。<br>・<b>基礎疾患（高血圧、心疾患、緑内障、糖尿病、前立腺肥大症等）のある方</b>：dl-メチルエフェドリン塩酸塩、ベラドンナ総アルカロイド、クレマスチンフマル酸塩はこれらの疾患を悪化させる可能性があるため、総合感冒薬の使用は避け、個々の症状に対応した単剤または医師への受診を強く勧めます。<br>・<b>ドーピング検査対象者</b>：dl-メチルエフェドリン塩酸塩がWADA禁止薬物リストに該当するため、競技期間中は使用を避けるべきです。ドーピングに抵触しない代替成分（例：アセトアミノフェン、イブプロフェン、ブロムヘキシン、トラネキサム酸など）を含む製品を提案します。<br>・<b>濫用リスクが懸念される場合</b>：デキストロメトルファン臭化水素酸塩水和物やdl-メチルエフェドリン塩酸塩は乱用される可能性があるため、患者背景を詳細に確認し、乱用が疑われる場合は販売を控え、単一症状の緩和に特化した安全な代替薬の提案、または医療機関への受診を促します。,【現場_服薬指導エビデンス】<br>・<b>妊婦・授乳婦</b>：<br> ・<b>クレマスチンフマル酸塩</b>：第1世代抗ヒスタミン薬。妊婦への使用は非推奨。TGA分類：B2。動物実験で催奇形性を示唆する証拠はないが、ヒトでの十分なデータがない。授乳婦：乳汁移行があり、新生児・乳児に眠気、興奮、抗コリン作用などの影響を与える可能性があるため避けるべき。<br> ・<b>ベラドンナ総アルカロイド</b>：抗コリン作用を有する。妊婦への使用は非推奨。TGA分類：B3。一部の動物で催奇形性の証拠が示唆されるが、ヒトでの十分なデータがない。授乳婦：乳汁移行により乳児に抗コリン作用、乳汁分泌抑制作用のリスクがあるため避けるべき。<br> ・<b>ブロムヘキシン塩酸塩</b>：妊婦への安全性に関する十分なデータがないため、治療上の有益性が危険性を上回る場合にのみ使用。TGA分類：A。授乳婦：動物実験で乳汁移行が報告されているが、ヒトでのデータは少なく、影響が不明なため原則として避けるか授乳を中止。<br> ・<b>トラネキサム酸</b>：妊婦への安全性に関する十分なデータがないため、治療上の有益性が危険性を上回る場合にのみ使用。TGA分類：B3。授乳婦：乳汁移行が報告されているが、乳児への影響は不明。治療上の有益性が危険性を上回る場合にのみ使用。<br> ・<b>アセトアミノフェン</b>：成育医療センターL分類：L1。妊娠中の発熱・鎮痛に対する第一選択薬。TGA分類：A。授乳婦：乳汁移行はごく微量で、乳児への影響はほとんどないとされ、授乳中でも使用可能。<br> ・<b>dl-メチルエフェドリン塩酸塩</b>：交感神経刺激作用により胎盤血流減少や胎児への影響のリスクがあるため、妊婦には非推奨。TGA分類：B3。授乳婦：乳汁移行の可能性があり、乳児に興奮、不眠、頻脈などの影響を与える可能性があるため避けるべき。<br> ・<b>デキストロメトルファン臭化水素酸塩水和物</b>：妊婦への安全性に関するデータは限定的だが、TGA分類：A。授乳婦：乳汁移行が報告されており、乳児への影響は不明。治療上の有益性が危険性を上回る場合にのみ使用。<br> ・<b>無水カフェイン</b>：妊婦：高用量摂取は胎児の発育遅延や流産のリスクを高める可能性があり、1日200mg以下の摂取に制限が推奨される。本製品1日量（9錠）で60mg。TGA分類：A。授乳婦：乳汁移行があり、乳児に興奮、不眠、易刺激性などの影響を与える可能性があるため、高用量摂取は避けるべき。<br>・<b>運転・操作</b>：<br> ・<b>クレマスチンフマル酸塩</b>：強い鎮静作用、眠気、集中力低下、抗コリン作用による視調節障害があるため、服用中は運転・機械操作を避けるよう指導してください。<br> ・<b>ベラドンナ総アルカロイド</b>：強い抗コリン作用により、眠気、めまい、視調節障害（目のかすみ）が生じる可能性があるため、運転・機械操作を避けるよう指導してください。<br> ・<b>ブロムヘキシン塩酸塩</b>：眠気などの副作用は比較的少ないとされるが、ごく稀にめまいや頭痛の報告があるため、念のため注意を促してください。<br> ・<b>トラネキサム酸</b>：眠気などの副作用はほとんどないが、稀に頭痛やめまいが報告されるため、注意を促してください。<br> ・<b>アセトアミノフェン</b>：眠気などの副作用はほとんどなく、通常は運転・機械操作に影響ありません。<br> ・<b>dl-メチルエフェドリン塩酸塩</b>：興奮、不眠、めまい、ふるえ、動悸などの副作用が生じる可能性があるため、運転・機械操作を避けるよう指導してください。<br> ・<b>デキストロメトルファン臭化水素酸塩水和物</b>：眠気、めまい、ふらつきなどの副作用が生じる可能性があるため、運転・機械操作を避けるよう指導してください。<br> ・<b>無水カフェイン</b>：覚醒作用があるが、過剰摂取で神経過敏、めまい、頭痛が生じる可能性もあるため、注意を促してください。<br>・<b>禁忌・受診勧奨</b>：<br> ・<b>クレマスチンフマル酸塩</b>：緑内障（閉塞隅角緑内障）、前立腺肥大症（排尿困難）、甲状腺機能亢進症、てんかんの患者は禁忌または慎重投与。高齢者、小児への慎重投与。<br> ・<b>ベラドンナ総アルカロイド</b>：緑内障（閉塞隅角緑内障）、前立腺肥大症（排尿困難）、甲状腺機能亢進症、重篤な心疾患の患者は禁忌または慎重投与。高齢者への慎重投与。<br> ・<b>ブロムヘキシン塩酸塩</b>：特段の禁忌はないが、胃腸障害のある患者には慎重投与。<br> ・<b>トラネキサム酸</b>：血栓症（脳血栓、心筋梗塞、血栓性静脈炎等）の既往がある患者、血栓傾向のある患者（DIC等）、経口避妊薬服用中の患者は禁忌または慎重投与。腎機能障害のある患者も注意。<br> ・<b>アセトアミノフェン</b>：消化性潰瘍、重篤な血液疾患、肝機能障害、腎機能障害、心機能不全、アスピリン喘息の既往患者は慎重投与または禁忌。アルコール多飲者も注意。<br> ・<b>dl-メチルエフェドリン塩酸塩</b>：甲状腺機能亢進症、高血圧、心疾患、糖尿病、緑内障の患者は禁忌。前立腺肥大症（排尿困難）のある患者も注意。高齢者、小児への慎重投与。<br> ・<b>デキストロメトルファン臭化水素酸塩水和物</b>：MAO阻害薬を投与中または投与中止後2週間以内の患者は禁忌。てんかんのある患者も注意。<br> ・<b>無水カフェイン</b>：心疾患（特に不整脈）、胃潰瘍、緑内障、不安障害の患者は慎重投与。小児、高齢者への慎重投与。<br>・<b>相互作用</b>：<br> ・<b>クレマスチンフマル酸塩</b>：中枢神経抑制剤（アルコール、催眠鎮静剤、抗不安薬など）との併用で中枢抑制作用増強。抗コリン作用を有する薬剤（三環系抗うつ薬、MAO阻害薬、フェノチアジン系薬剤など）との併用で抗コリン作用増強。<br> ・<b>ベラドンナ総アルカロイド</b>：抗コリン作用を有する薬剤（三環系抗うつ薬、MAO阻害薬、フェノチアジン系薬剤、他の抗ヒスタミン薬など）との併用で抗コリン作用増強。<br> ・<b>ブロムヘキシン塩酸塩</b>：特に重要な相互作用は報告されていません。<br> ・<b>トラネキサム酸</b>：凝固系薬剤（ヘパリン、ワーファリンなど）との併用で出血または血栓のリスクを増大させる可能性。凝固促進作用のある薬剤との併用は注意。<br> ・<b>アセトアミノフェン</b>：アルコールとの併用で肝毒性増強。ワルファリンとの併用で作用増強（大量連用時）。一部の抗けいれん薬（フェニトイン、カルバマゼピン）やリファンピシンなど肝薬物代謝酵素誘導作用を持つ薬剤との併用で肝毒性増強の可能性。<br> ・<b>dl-メチルエフェドリン塩酸塩</b>：MAO阻害薬との併用で高血圧クリーゼ。甲状腺製剤、カテコールアミン製剤、キサンチン系薬剤（テオフィリンなど）との併用で中枢神経系・循環器系への作用増強。三環系抗うつ薬との併用も注意。<br> ・<b>デキストロメトルファン臭化水素酸塩水和物</b>：MAO阻害薬との併用でセロトニン症候群、高血圧クリーゼのリスク。SSRI、SNRIなどのセロトニン作用薬との併用でセロトニン症候群のリスク増大。アルコール、中枢神経抑制剤との併用で中枢抑制作用増強。<br> ・<b>無水カフェイン</b>：エフェドリン類、キサンチン系薬剤（テオフィリンなど）との併用で中枢神経系・循環器系への作用増強。一部の抗不整脈薬（キニジン）、SSRI（フルボキサミン）など肝薬物代謝酵素阻害作用を持つ薬剤との併用でカフェインの代謝が遅延し作用増強。<br>・<b>濫用・MOH</b>：<br> ・<b>クレマスチンフマル酸塩</b>：第1世代抗ヒスタミン薬は鎮静作用により精神依存を引き起こす可能性は低いが、高用量摂取による乱用報告がある。薬剤乱用頭痛リスクは低い。<br> ・<b>ベラドンナ総アルカロイド</b>：抗コリン性せん妄を引き起こす可能性があるが、一般的に乱用薬物ではない。薬剤乱用頭痛リスクは低い。<br> ・<b>ブロムヘキシン塩酸塩</b>：乱用薬物ではありません。薬剤乱用頭痛リスクは低い。<br> ・<b>トラネキサム酸</b>：乱用薬物ではありません。薬剤乱用頭痛リスクは低い。<br> ・<b>アセトアミノフェン</b>：乱用薬物ではありません。ただし、慢性的な過量摂取は薬剤乱用頭痛のリスクを高めます。<br> ・<b>dl-メチルエフェドリン塩酸塩</b>：エフェドリン類縁物質であり、中枢興奮作用があるため、乱用の可能性があります。多量摂取により精神依存や身体依存のリスク。薬剤乱用頭痛のリスクもあります。<br> ・<b>デキストロメトルファン臭化水素酸塩水和物</b>：大量摂取により精神作用（幻覚、解離作用）があるため、乱用薬物として知られています。精神依存のリスクあり。薬剤乱用頭痛のリスクもあります。<br> ・<b>無水カフェイン</b>：習慣性があり、高用量摂取で精神依存や離脱症状（頭痛、疲労感）を呈する可能性。薬剤乱用頭痛のリスクあり。<br>・<b>ドーピング・毒性</b>：<br> ・<b>クレマスチンフマル酸塩</b>：WADA禁止薬物ではありません。中毒量：【要確認】中毒量・致死量等の詳細はPoisindex等の一次資料を参照。<br> ・<b>ベラドンナ総アルカロイド</b>：WADA禁止薬物ではありません。中毒量：【要確認】中毒量・致死量等の詳細はPoisindex等の一次資料を参照。<br> ・<b>ブロムヘキシン塩酸塩</b>：WADA禁止薬物ではありません。中毒量：【要確認】中毒量・致死量等の詳細はPoisindex等の一次資料を参照。<br> ・<b>トラネキサム酸</b>：WADA禁止薬物ではありません。中毒量：【要確認】中毒量・致死量等の詳細はPoisindex等の一次資料を参照。<br> ・<b>アセトアミノフェン</b>：WADA禁止薬物ではありません。中毒量：成人で通常1日4000mg超、単回で200mg/kg以上（または7.5g以上）で肝毒性のリスクが高まります。小児では150mg/kg以上で中毒症状の危険性あり。本製品の1日量（9錠中）は900mgであり、単独での中毒リスクは低いですが、他のアセトアミノフェン含有製剤との併用に注意が必要です。『Poisindex』<br> ・<b>dl-メチルエフェドリン塩酸塩</b>：WADA禁止薬物リストの「S6. 特定刺激薬」に該当するため、競技期間中は使用禁止です。競技会外での使用は禁止されていません。中毒量：【要確認】中毒量・致死量等の詳細はPoisindex等の一次資料を参照。<br> ・<b>デキストロメトルファン臭化水素酸塩水和物</b>：WADA禁止薬物ではありません。中毒量：【要確認】中毒量・致死量等の詳細はPoisindex等の一次資料を参照。<br> ・<b>無水カフェイン</b>：WADA禁止薬物リストから除外されていますが、高濃度では競技力向上効果があるため、モニタリング対象物質です。中毒量：1日500mg以上で一般的な副作用が顕著になり、1回1g以上で重篤な中毒症状（心不整脈、痙攣など）のリスクがあります。本製品の1日量（9錠中）は60mgであり、単独での中毒リスクは低いですが、他のカフェイン含有飲食品との併用による総摂取量に注意が必要です。『Poisindex』,"{""成分マトリックス"":[{""成分名"":""クレマスチンフマル酸塩"",""妊婦・授乳婦"":{""判定"":""✕"",""備考"":""(妊娠: B1 / 授乳: 危険（L4相当）) 第一世代抗ヒスタミン薬の中でも特に乳児への移行性が高く、傾眠や哺乳力低下のリスクが報告されているため授乳中は使用を避ける。妊婦には比較的安全。""},""運転・操作"":{""判定"":""ー"",""備考"":""強い鎮静作用、眠気、集中力低下、抗コリン作用による視調節障害があるため、服用中は運転・機械操作を避けるよう指導してください。""},""禁忌・受診勧奨"":{""判定"":""✕"",""備考"":""緑内障（閉塞隅角緑内障）、前立腺肥大症（排尿困難）、甲状腺機能亢進症、てんかんの患者は禁忌または慎重投与。高齢者、小児への慎重投与。""},""相互作用"":{""判定"":""ー"",""備考"":""中枢神経抑制剤（アルコール、催眠鎮静剤、抗不安薬など）との併用で中枢抑制作用増強。抗コリン作用を有する薬剤（三環系抗うつ薬、MAO阻害薬、フェノチアジン系薬剤など）との併用で抗コリン作用増強。""},""濫用・MOH"":{""判定"":""△"",""備考"":""第1世代抗ヒスタミン薬は鎮静作用により精神依存を引き起こす可能性は低いが、高用量摂取による乱用報告がある。薬剤乱用頭痛リスクは低い。""},""ドーピング・毒性"":{""判定"":""〇"",""備考"":""WADA禁止薬物ではありません。中毒量：【要確認】中毒量・致死量等の詳細はPoisindex等の一次資料を参照。""}},{""成分名"":""ベラドンナ総アルカロイド"",""妊婦・授乳婦"":{""判定"":""△"",""備考"":""(妊娠: C相当 / 授乳: 注意（L3相当）) 抗コリン作用により母乳分泌を抑制する恐れや、乳児の頻脈リスクがあるため授乳中は避ける。妊婦にも胎児の頻脈リスクがあるため原則として使用を控える[cite: 20]。""},""運転・操作"":{""判定"":""ー"",""備考"":""強い抗コリン作用により、眠気、めまい、視調節障害（目のかすみ）が生じる可能性があるため、運転・機械操作を避けるよう指導してください。""},""禁忌・受診勧奨"":{""判定"":""✕"",""備考"":""緑内障（閉塞隅角緑内障）、前立腺肥大症（排尿困難）、甲状腺機能亢進症、重篤な心疾患の患者は禁忌または慎重投与。高齢者への慎重投与。""},""相互作用"":{""判定"":""ー"",""備考"":""抗コリン作用を有する薬剤（三環系抗うつ薬、MAO阻害薬、フェノチアジン系薬剤、他の抗ヒスタミン薬など）との併用で抗コリン作用増強。""},""濫用・MOH"":{""判定"":""△"",""備考"":""抗コリン性せん妄を引き起こす可能性があるが、一般的に乱用薬物ではない。薬剤乱用頭痛リスクは低い。""},""ドーピング・毒性"":{""判定"":""〇"",""備考"":""WADA禁止薬物ではありません。中毒量：【要確認】中毒量・致死量等の詳細はPoisindex等の一次資料を参照。""}},{""成分名"":""ブロムヘキシン塩酸塩"",""妊婦・授乳婦"":{""判定"":""〇"",""備考"":""(妊娠: A / 授乳: 安全（L2相当）) 気道粘液分泌促進薬。妊婦・授乳婦に対する明らかな有害事象の報告はなく比較的安全だが、妊娠中の第一選択としてはカルボシステイン等が推奨されることが多い。""},""運転・操作"":{""判定"":""△"",""備考"":""眠気などの副作用は比較的少ないとされるが、ごく稀にめまいや頭痛の報告があるため、念のため注意を促してください。""},""禁忌・受診勧奨"":{""判定"":""✕"",""備考"":""特段の禁忌はないが、胃腸障害のある患者には慎重投与。""},""相互作用"":{""判定"":""ー"",""備考"":""特に重要な相互作用は報告されていません。""},""濫用・MOH"":{""判定"":""〇"",""備考"":""乱用薬物ではありません。薬剤乱用頭痛リスクは低い。""},""ドーピング・毒性"":{""判定"":""〇"",""備考"":""WADA禁止薬物ではありません。中毒量：【要確認】中毒量・致死量等の詳細はPoisindex等の一次資料を参照。""}},{""成分名"":""トラネキサム酸"",""妊婦・授乳婦"":{""判定"":""〇"",""備考"":""(妊娠: B1 / 授乳: 安全（L2相当）) 妊婦・授乳婦ともに極めて安全性が高く、咽頭痛に対して現場で最も推奨しやすい成分。血栓性疾患のリスクがなければ第一選択となる。""},""運転・操作"":{""判定"":""△"",""備考"":""眠気などの副作用はほとんどないが、稀に頭痛やめまいが報告されるため、注意を促してください。""},""禁忌・受診勧奨"":{""判定"":""✕"",""備考"":""血栓症（脳血栓、心筋梗塞、血栓性静脈炎等）の既往がある患者、血栓傾向のある患者（DIC等）、経口避妊薬服用中の患者は禁忌または慎重投与。腎機能障害のある患者も注意。""},""相互作用"":{""判定"":""△"",""備考"":""凝固系薬剤（ヘパリン、ワーファリンなど）との併用で出血または血栓のリスクを増大させる可能性。凝固促進作用のある薬剤との併用は注意。""},""濫用・MOH"":{""判定"":""〇"",""備考"":""乱用薬物ではありません。薬剤乱用頭痛リスクは低い。""},""ドーピング・毒性"":{""判定"":""〇"",""備考"":""WADA禁止薬物ではありません。中毒量：【要確認】中毒量・致死量等の詳細はPoisindex等の一次資料を参照。""}},{""成分名"":""アセトアミノフェン"",""妊婦・授乳婦"":{""判定"":""〇"",""備考"":""(妊娠: A / 授乳: 安全（L1相当）) 妊娠全期間・授乳中を通じて第一選択となる解熱鎮痛成分。通常のOTC用量であれば母子ともに安全性が極めて高い。""},""運転・操作"":{""判定"":""〇"",""備考"":""眠気などの副作用はほとんどなく、通常は運転・機械操作に影響ありません。""},""禁忌・受診勧奨"":{""判定"":""✕"",""備考"":""消化性潰瘍、重篤な血液疾患、肝機能障害、腎機能障害、心機能不全、アスピリン喘息の既往患者は慎重投与または禁忌。アルコール多飲者も注意。""},""相互作用"":{""判定"":""ー"",""備考"":""アルコールとの併用で肝毒性増強。ワルファリンとの併用で作用増強（大量連用時）。一部の抗けいれん薬（フェニトイン、カルバマゼピン）やリファンピシンなど肝薬物代謝酵素誘導作用を持つ薬剤との併用で肝毒性増強の可能性。""},""濫用・MOH"":{""判定"":""〇"",""備考"":""乱用薬物ではありません。ただし、慢性的な過量摂取は薬剤乱用頭痛のリスクを高めます。""},""ドーピング・毒性"":{""判定"":""〇"",""備考"":""WADA禁止薬物ではありません。中毒量：成人で通常1日4000mg超、単回で200mg/kg以上（または7.5g以上）で肝毒性のリスクが高まります。小児では150mg/kg以上で中毒症状の危険性あり。本製品の1日量（9錠中）は900mgであり、単独での中毒リスクは低いですが、他のアセトアミノフェン含有製剤との併用に注意が必要です。『Poisindex』""}},{""成分名"":""dl-メチルエフェドリン塩酸塩"",""妊婦・授乳婦"":{""判定"":""✕"",""備考"":""(妊娠: A (エフェドリン類) / 授乳: 注意（L3〜L4相当）) 血管収縮作用による母乳分泌量の低下リスクあり。授乳中は可能な限り単回・短期にとどめるか、去痰薬のみの処方（カルボシステイン等）への切り替えを推奨。""},""運転・操作"":{""判定"":""ー"",""備考"":""興奮、不眠、めまい、ふるえ、動悸などの副作用が生じる可能性があるため、運転・機械操作を避けるよう指導してください。""},""禁忌・受診勧奨"":{""判定"":""✕"",""備考"":""甲状腺機能亢進症、高血圧、心疾患、糖尿病、緑内障の患者は禁忌。前立腺肥大症（排尿困難）のある患者も注意。高齢者、小児への慎重投与。""},""相互作用"":{""判定"":""△"",""備考"":""MAO阻害薬との併用で高血圧クリーゼ。甲状腺製剤、カテコールアミン製剤、キサンチン系薬剤（テオフィリンなど）との併用で中枢神経系・循環器系への作用増強。三環系抗うつ薬との併用も注意。""},""濫用・MOH"":{""判定"":""△"",""備考"":""エフェドリン類縁物質であり、中枢興奮作用があるため、乱用の可能性があります。多量摂取により精神依存や身体依存のリスク。薬剤乱用頭痛のリスクもあります。""},""ドーピング・毒性"":{""判定"":""ー"",""備考"":""WADA禁止薬物リストの「S6. 特定刺激薬」に該当するため、競技期間中は使用禁止です。競技会外での使用は禁止されていません。中毒量：【要確認】中毒量・致死量等の詳細はPoisindex等の一次資料を参照。""}},{""成分名"":""デキストロメトルファン臭化水素酸塩水和物"",""妊婦・授乳婦"":{""判定"":""✕"",""備考"":""(妊娠: A / 授乳: 相談・注意（L3相当）) 妊婦には安全に使用可能（A）。授乳中も通常量であれば安全とされるが、乳児の呼吸抑制に注意。コデイン類が禁忌のケースで優先して提案できる鎮咳成分。""},""運転・操作"":{""判定"":""ー"",""備考"":""眠気、めまい、ふらつきなどの副作用が生じる可能性があるため、運転・機械操作を避けるよう指導してください。""},""禁忌・受診勧奨"":{""判定"":""✕"",""備考"":""MAO阻害薬を投与中または投与中止後2週間以内の患者は禁忌。てんかんのある患者も注意。""},""相互作用"":{""判定"":""△"",""備考"":""MAO阻害薬との併用でセロトニン症候群、高血圧クリーゼのリスク。SSRI、SNRIなどのセロトニン作用薬との併用でセロトニン症候群のリスク増大。アルコール、中枢神経抑制剤との併用で中枢抑制作用増強。""},""濫用・MOH"":{""判定"":""△"",""備考"":""大量摂取により精神作用（幻覚、解離作用）があるため、乱用薬物として知られています。精神依存のリスクあり。薬剤乱用頭痛のリスクもあります。""},""ドーピング・毒性"":{""判定"":""〇"",""備考"":""WADA禁止薬物ではありません。中毒量：【要確認】中毒量・致死量等の詳細はPoisindex等の一次資料を参照。""}},{""成分名"":""無水カフェイン"",""妊婦・授乳婦"":{""判定"":""〇"",""備考"":""(妊娠: A相当 / 授乳: 安全（L2相当）) 通常のOTC含有量（1回50mg程度）であれば妊婦・授乳婦ともに影響は少なく安全。ただし、コーヒー等からの過剰摂取（1日200〜300mg以上）には注意を促す。""},""運転・操作"":{""判定"":""△"",""備考"":""覚醒作用があるが、過剰摂取で神経過敏、めまい、頭痛が生じる可能性もあるため、注意を促してください。""},""禁忌・受診勧奨"":{""判定"":""△"",""備考"":""心疾患（特に不整脈）、胃潰瘍、緑内障、不安障害の患者は慎重投与。小児、高齢者への慎重投与。""},""相互作用"":{""判定"":""ー"",""備考"":""エフェドリン類、キサンチン系薬剤（テオフィリンなど）との併用で中枢神経系・循環器系への作用増強。一部の抗不整脈薬（キニジン）、SSRI（フルボキサミン）など肝薬物代謝酵素阻害作用を持つ薬剤との併用でカフェインの代謝が遅延し作用増強。""},""濫用・MOH"":{""判定"":""△"",""備考"":""習慣性があり、高用量摂取で精神依存や離脱症状（頭痛、疲労感）を呈する可能性。薬剤乱用頭痛のリスクあり。""},""ドーピング・毒性"":{""判定"":""△"",""備考"":""WADA禁止薬物リストから除外されていますが、高濃度では競技力向上効果があるため、モニタリング対象物質です。中毒量：1日500mg以上で一般的な副作用が顕著になり、1回1g以上で重篤な中毒症状（心不整脈、痙攣など）のリスクがあります。本製品の1日量（9錠中）は60mgであり、単独での中毒リスクは低いですが、他のカフェイン含有飲食品との併用による総摂取量に注意が必要です。『Poisindex』""}}]}"
2026/07/07 1:45:02,60,12才未満の小児,授乳中の人は服用しないか、服用する場合は授乳を避けること。妊婦又は妊娠していると思われる人は服用前に医師、薬剤師又は登録販売者に相談すること。,ジヒドロコデイン,"{""basis"":""60mL中"",""ingredients"":[{""name"":""ジヒドロコデインリン酸塩"",""id"":""D01481"",""amount"":30,""unit"":""mg""},{""name"":""グアイフェネシン"",""id"":""D00337"",""amount"":170,""unit"":""mg""},{""name"":""クロルフェニラミンマレイン酸塩"",""id"":""D00665"",""amount"":12,""unit"":""mg""},{""name"":""無水カフェイン"",""id"":""D00528"",""amount"":62,""unit"":""mg""}]}","{""adult_dose"":""10mL×3回"",""daily_dose"":60,""prohibited_age"":""12才未満の小児""}","{""driving_warning"":""運転禁止"",""pregnancy_warning"":""授乳中の人は服用しないか、服用する場合は授乳を避けること。妊婦又は妊娠していると思われる人は服用前に医師、薬剤師又は登録販売者に相談すること。"",""drug_category"":""鎮咳去痰薬"",""category_limit"":5,""packages"":[{""package_type"":""120mL"",""estimated_days"":2,""capacity_judgment"":""小容量""}]}",新ブロン液エースは、せき、たんに効果を発揮する鎮咳去痰薬です。,新ブロン液エース,〇,グアイフェネシン：【中枢作用なし・マイルド】気道分泌を促し痰を薄める安全性の高い去痰薬。ただし、過量摂取時には強烈な催吐作用（急性胃粘膜刺激による嘔吐）を発現するため、コデイン乱用時の「致死量吸着を物理的に阻害する因子」となる,"【ジヒドロコデインリン酸塩】(妊娠: C / 授乳: 相談・注意（L3相当）)
授乳中の連用により乳児にモルヒネ中毒（傾眠・呼吸抑制等）のリスクあり。OTCの鎮咳薬として短期・単回でも授乳回避または非鎮静性成分への変更を提案する。

【グアイフェネシン】(妊娠: A / 授乳: 安全（L2相当）)
去痰成分。妊婦・授乳婦に対する重大な副作用の報告はなく、比較的安全に使用できる。ただし妊娠初期は念のため短期使用にとどめることが望ましい。

【クロルフェニラミンマレイン酸塩】(妊娠: A / 授乳: 相談・注意（L3相当）)
授乳中の使用は可能だが、第一世代抗ヒスタミン薬のため乳児の傾眠リスクに注意。妊婦には比較的安全（A）だが、可能な限りフェキソフェナジン等の第二世代への変更が望ましい。

【無水カフェイン】(妊娠: A相当 / 授乳: 安全（L2相当）)
通常のOTC含有量（1回50mg程度）であれば妊婦・授乳婦ともに影響は少なく安全。ただし、コーヒー等からの過剰摂取（1日200〜300mg以上）には注意を促す。",【現場_代替薬提案】<br>・<b>12歳未満のお子様</b>：本製品はジヒドロコデインリン酸塩を含むため12歳未満は服用できません。代替として、デキストロメトルファン臭化水素酸塩水和物やチペピジンヒベンズ酸塩を主成分とする非麻薬性鎮咳薬、または去痰成分のみの製剤をご提案ください。<br>・<b>妊婦・授乳婦</b>：医師への相談を強く推奨してください。咳に対しては、まずハチミツや吸入療法などの非薬物療法を検討し、薬物療法が必要な場合は、デキストロメトルファンを主成分とする製剤など、より安全性の確立された単一成分製剤を、必ず医師または薬剤師の指示のもとで検討してください。<br>・<b>運転をされる方</b>：本製品はジヒドロコデインリン酸塩とクロルフェニラミンマレイン酸塩により眠気を催す可能性があるため、服用中は運転や機械操作を避けるよう指導してください。咳症状に対しては、非鎮静性のデキストロメトルファン単剤や、去痰成分のみの製剤をご提案ください。<br>・<b>基礎疾患をお持ちの方、多剤併用の方</b>：緑内障、前立腺肥大症、心疾患、糖尿病、甲状腺機能障害などがある場合、また他の医薬品を服用中の場合は、各成分の禁忌・慎重投与に該当する可能性があるため、必ず医師または薬剤師に相談するよう指導してください。,【現場_服薬指導エビデンス】<br>・<b>妊婦・授乳婦</b>：<br> ・<b>ジヒドロコデインリン酸塩</b>：妊婦への安全性は確立しておらず、使用を避けるべきです。妊娠初期の器官形成期における使用は、催奇形性の可能性があり、後期での使用は新生児の呼吸抑制や離脱症候群のリスクがあります。授乳婦も乳汁中へ移行し、乳児に呼吸抑制、傾眠、哺乳力低下などを引き起こすリスクがあるため使用を避けてください。成育L分類等の明確な分類は不明ですが、オピオイド系鎮咳薬は一般的に慎重な使用が必要です。TGA分類：コデインは『C』に分類されます。<br> ・<b>グアイフェネシン</b>：妊婦・授乳婦における安全性は確立していません。動物実験では催奇形性は報告されていませんが、ヒトでの十分なデータはありません。必要最小限の使用に留め、代替薬の検討を推奨します。TGA分類：『B2』に分類されます。<br> ・<b>クロルフェニラミンマレイン酸塩</b>：妊婦：妊娠初期の催奇形性は否定的ですが、妊娠後期での使用は新生児に興奮、易刺激性、呼吸抑制、筋緊張亢進の報告があります。第一選択薬とはされません。授乳婦：乳汁中に移行し、乳児に傾眠、興奮を引き起こす可能性があり、また乳汁分泌抑制作用も報告されているため、使用を避けるか授乳中止を検討してください。成育L分類：『L2-L3』とされています。TGA分類：『A』に分類されます。<br> ・<b>無水カフェイン</b>：妊婦：過剰摂取は流産、低出生体重児のリスクを高める可能性があります。一般的に、1日200mg（コーヒー2杯程度）以下であればリスクは低いとされますが、本製品の他の成分との兼ね合いから、妊婦は服用を避けるべきです。授乳婦：乳汁中に移行し、乳児に興奮、不眠、易刺激性を引き起こす可能性があります。成育L分類：『L2-L3』とされています。TGA分類：『A』に分類されます。<br>・<b>運転・操作</b>：<br> ・<b>ジヒドロコデインリン酸塩</b>：中枢神経抑制作用により眠気やめまいを催すことがあるため、服用中は自動車の運転や危険を伴う機械の操作を避けるよう強く指導してください。<br> ・<b>グアイフェネシン</b>：通常、運転や機械操作に影響を与えることは少ないですが、体質によっては眠気やめまいを感じる人もいるため、注意を促してください。<br> ・<b>クロルフェニラミンマレイン酸塩</b>：強い鎮静作用（眠気）や抗コリン作用（めまい、かすみ目）を伴うため、服用中は自動車の運転や危険を伴う機械の操作を絶対に避けるよう指導してください。<br> ・<b>無水カフェイン</b>：覚醒効果がありますが、他の成分による眠気を完全に打ち消すわけではなく、過剰摂取は不安や神経過敏を引き起こす可能性があるため、本製品服用中の運転は避けるべきです。<br>・<b>禁忌・受診勧奨</b>：<br> ・<b>ジヒドロコデインリン酸塩</b>：12歳未満の小児（呼吸抑制のリスク）、重篤な呼吸抑制のある患者、気管支喘息発作中、頭部外傷・脳腫瘍による呼吸抑制、痙攣状態、急性アルコール中毒、モノアミン酸化酵素阻害剤（MAOI）投与中または投与中止後2週間以内は禁忌です。緑内障、前立腺肥大症、心疾患、高血圧、甲状腺機能障害、糖尿病、消化性潰瘍、肝・腎疾患、高齢者には慎重投与が必要です。服用前にこれらの既往歴を確認し、該当する場合は医師への受診を勧奨してください。<br> ・<b>グアイフェネシン</b>：特筆すべき禁忌はありませんが、胃腸の不調（悪心、嘔吐）がある場合は症状悪化に注意が必要です。<br> ・<b>クロルフェニラミンマレイン酸塩</b>：緑内障、前立腺肥大症、新生児・乳児、重篤な心疾患のある患者は禁忌です。甲状腺機能亢進症、狭窄性消化性潰瘍、幽門十二指腸閉塞、てんかん、高血圧、高齢者には慎重投与が必要です。服用前にこれらの既往歴を確認し、該当する場合は医師への受診を勧奨してください。<br> ・<b>無水カフェイン</b>：心疾患、胃潰瘍、緑内障、てんかん、不眠症、不安障害、高血圧、動悸のある患者は慎重投与が必要です。服用前にこれらの既往歴を確認し、該当する場合は医師への受診を勧奨してください。<br>・<b>相互作用</b>：<br> ・<b>ジヒドロコデインリン酸塩</b>：<br>  ・モノアミン酸化酵素阻害剤（MAOI）：併用により相互に作用が増強され、呼吸抑制や血圧上昇を引き起こす危険性があります。MAOI投与中または中止後2週間以内は併用禁忌です。<br>  ・中枢神経抑制剤（アルコール、睡眠薬、抗不安薬、抗精神病薬、一部の抗ヒスタミン薬など）：中枢神経抑制作用が相加的に増強され、過度の鎮静や呼吸抑制のリスクが高まります。<br>  ・CYP2D6阻害薬（パロキセチン、フルボキサミン、キニジンなど）：ジヒドロコデインの活性代謝物への変換を阻害し、鎮咳・鎮痛効果が減弱する可能性があります。<br>  ・CYP2D6超高速代謝者：過剰な量の活性代謝物が生じ、重篤な呼吸抑制を引き起こすリスクがあります。<br> ・<b>グアイフェネシン</b>：特筆すべき重要な薬物相互作用は報告されていません。<br> ・<b>クロルフェニラミンマレイン酸塩</b>：<br>  ・モノアミン酸化酵素阻害剤（MAOI）：併用により抗コリン作用が増強される可能性があります。<br>  ・中枢神経抑制剤（アルコール、睡眠薬、抗不安薬、抗うつ薬、その他の抗ヒスタミン薬など）：中枢神経抑制作用が相加的に増強され、強い眠気や鎮静を引き起こします。<br>  ・抗コリン作用を有する薬剤（三環系抗うつ薬、一部の抗精神病薬、パーキンソン病治療薬など）：抗コリン作用が相加的に増強され、口渇、便秘、排尿困難、視調節障害などの副作用が強まる可能性があります。<br> ・<b>無水カフェイン</b>：<br>  ・モノアミン酸化酵素阻害剤（MAOI）：併用によりカフェインの作用が増強され、動悸、不眠、神経過敏などの副作用が強まる可能性があります。<br>  ・CYP1A2阻害薬（シメチジン、経口避妊薬、フルボキサミン、シプロフロキサシンなど）：カフェインの代謝を遅延させ、血中濃度を上昇させることで作用増強や副作用のリスクを高めます。<br>  ・交感神経刺激薬（エフェドリン、プソイドエフェドリンなど）：併用により中枢神経興奮作用や心臓への負担が増強される可能性があります。<br>  ・アルコール：カフェインの覚醒作用によりアルコールの鎮静作用がマスクされ、飲酒量の増加やアルコール中毒のリスクを高める可能性があります。<br>・<b>濫用・MOH</b>：<br> ・<b>ジヒドロコデインリン酸塩</b>：オピオイド系薬剤であり、精神的・身体的依存を形成するリスクがあります。連用により乱用につながる可能性があり、ダウナー系の作用を示します。常用による薬剤乱用頭痛（MOH）のリスクもあります。<br> ・<b>グアイフェネシン</b>：乱用リスクは低いとされています。<br> ・<b>クロルフェニラミンマレイン酸塩</b>：通常用量での乱用リスクは低いですが、高用量摂取では抗コリン作用により幻覚やせん妄を誘発する可能性があり、その目的での乱用事例が報告されています。ダウナー系の作用を示します。<br> ・<b>無水カフェイン</b>：常用により精神的依存を形成し、中断すると離脱症状（頭痛、倦怠感など）を呈することがあります。常用による薬剤乱用頭痛（MOH）のリスクもあります。アッパー系の作用を示します。<br>・<b>ドーピング・毒性</b>：<br> ・<b>ジヒドロコデインリン酸塩</b>：世界アンチ・ドーピング機構（WADA）の禁止薬物リスト『S7.ナルコティックス』に該当し、競技会時（In-Competition）に禁止されます。競技者は使用できません。<br>  ・中毒量・致死量：【要確認】中毒量・致死量等の詳細はPoisindex等の一次資料を参照。<br> ・<b>グアイフェネシン</b>：WADAの禁止薬物リストには非該当です。<br>  ・中毒量・致死量：【要確認】中毒量・致死量等の詳細はPoisindex等の一次資料を参照。<br> ・<b>クロルフェニラミンマレイン酸塩</b>：WADAの禁止薬物リストには非該当です。<br>  ・中毒量・致死量：【要確認】中毒量・致死量等の詳細はPoisindex等の一次資料を参照。<br> ・<b>無水カフェイン</b>：WADAの監視プログラム対象物質ですが、禁止薬物ではありません。ただし、高用量摂取は心臓血管系への影響や神経過敏を引き起こす可能性があります。<br>  ・中毒量・致死量：【要確認】中毒量（TD50）や致死量（LD50）等の具体的な数値はPoisindex、Lexicomp等の一次資料を参照。一般的なヒトの致死量は、約150-200mg/kgと推定されていますが、個人差が大きいです。,"{""成分マトリックス"":[{""成分名"":""ジヒドロコデインリン酸塩"",""妊婦・授乳婦"":{""判定"":""△"",""備考"":""(妊娠: C / 授乳: 相談・注意（L3相当）) 授乳中の連用により乳児にモルヒネ中毒（傾眠・呼吸抑制等）のリスクあり。OTCの鎮咳薬として短期・単回でも授乳回避または非鎮静性成分への変更を提案する。""},""運転・操作"":{""判定"":""ー"",""備考"":""中枢神経抑制作用により眠気やめまいを催すことがあるため、服用中は自動車の運転や危険を伴う機械の操作を避けるよう強く指導してください。""},""禁忌・受診勧奨"":{""判定"":""✕"",""備考"":""12歳未満の小児（呼吸抑制のリスク）、重篤な呼吸抑制のある患者、気管支喘息発作中、頭部外傷・脳腫瘍による呼吸抑制、痙攣状態、急性アルコール中毒、モノアミン酸化酵素阻害剤（MAOI）投与中または投与中止後2週間以内は禁忌です。緑内障、前立腺肥大症、心疾患、高血圧、甲状腺機能障害、糖尿病、消化性潰瘍、肝・腎疾患、高齢者には慎重投与が必要です。服用前にこれらの既往歴を確認し、該当する場合は医師への受診を勧奨してください。""},""相互作用"":{""判定"":""✕"",""備考"":""・モノアミン酸化酵素阻害剤（MAOI）：併用により相互に作用が増強され、呼吸抑制や血圧上昇を引き起こす危険性があります。MAOI投与中または中止後2週間以内は併用禁忌です。  ・中枢神経抑制剤（アルコール、睡眠薬、抗不安薬、抗精神病薬、一部の抗ヒスタミン薬など）：中枢神経抑制作用が相加的に増強され、過度の鎮静や呼吸抑制のリスクが高まります。  ・CYP2D6阻害薬（パロキセチン、フルボキサミン、キニジンなど）：ジヒドロコデインの活性代謝物への変換を阻害し、鎮咳・鎮痛効果が減弱する可能性があります。  ・CYP2D6超高速代謝者：過剰な量の活性代謝物が生じ、重篤な呼吸抑制を引き起こすリスクがあります。""},""濫用・MOH"":{""判定"":""△"",""備考"":""オピオイド系薬剤であり、精神的・身体的依存を形成するリスクがあります。連用により乱用につながる可能性があり、ダウナー系の作用を示します。常用による薬剤乱用頭痛（MOH）のリスクもあります。""},""ドーピング・毒性"":{""判定"":""✕"",""備考"":""世界アンチ・ドーピング機構（WADA）の禁止薬物リスト『S7.ナルコティックス』に該当し、競技会時（In-Competition）に禁止されます。競技者は使用できません。  ・中毒量・致死量：【要確認】中毒量・致死量等の詳細はPoisindex等の一次資料を参照。""}},{""成分名"":""グアイフェネシン"",""妊婦・授乳婦"":{""判定"":""〇"",""備考"":""(妊娠: A / 授乳: 安全（L2相当）) 去痰成分。妊婦・授乳婦に対する重大な副作用の報告はなく、比較的安全に使用できる。ただし妊娠初期は念のため短期使用にとどめることが望ましい。""},""運転・操作"":{""判定"":""△"",""備考"":""通常、運転や機械操作に影響を与えることは少ないですが、体質によっては眠気やめまいを感じる人もいるため、注意を促してください。""},""禁忌・受診勧奨"":{""判定"":""〇"",""備考"":""特筆すべき禁忌はありませんが、胃腸の不調（悪心、嘔吐）がある場合は症状悪化に注意が必要です。""},""相互作用"":{""判定"":""ー"",""備考"":""特筆すべき重要な薬物相互作用は報告されていません。""},""濫用・MOH"":{""判定"":""△"",""備考"":""乱用リスクは低いとされています。""},""ドーピング・毒性"":{""判定"":""ー"",""備考"":""WADAの禁止薬物リストには非該当です。  ・中毒量・致死量：【要確認】中毒量・致死量等の詳細はPoisindex等の一次資料を参照。""}},{""成分名"":""クロルフェニラミンマレイン酸塩"",""妊婦・授乳婦"":{""判定"":""〇"",""備考"":""(妊娠: A / 授乳: 相談・注意（L3相当）) 授乳中の使用は可能だが、第一世代抗ヒスタミン薬のため乳児の傾眠リスクに注意。妊婦には比較的安全（A）だが、可能な限りフェキソフェナジン等の第二世代への変更が望ましい。""},""運転・操作"":{""判定"":""✕"",""備考"":""強い鎮静作用（眠気）や抗コリン作用（めまい、かすみ目）を伴うため、服用中は自動車の運転や危険を伴う機械の操作を絶対に避けるよう指導してください。""},""禁忌・受診勧奨"":{""判定"":""✕"",""備考"":""緑内障、前立腺肥大症、新生児・乳児、重篤な心疾患のある患者は禁忌です。甲状腺機能亢進症、狭窄性消化性潰瘍、幽門十二指腸閉塞、てんかん、高血圧、高齢者には慎重投与が必要です。服用前にこれらの既往歴を確認し、該当する場合は医師への受診を勧奨してください。""},""相互作用"":{""判定"":""ー"",""備考"":""・モノアミン酸化酵素阻害剤（MAOI）：併用により抗コリン作用が増強される可能性があります。  ・中枢神経抑制剤（アルコール、睡眠薬、抗不安薬、抗うつ薬、その他の抗ヒスタミン薬など）：中枢神経抑制作用が相加的に増強され、強い眠気や鎮静を引き起こします。  ・抗コリン作用を有する薬剤（三環系抗うつ薬、一部の抗精神病薬、パーキンソン病治療薬など）：抗コリン作用が相加的に増強され、口渇、便秘、排尿困難、視調節障害などの副作用が強まる可能性があります。""},""濫用・MOH"":{""判定"":""△"",""備考"":""通常用量での乱用リスクは低いですが、高用量摂取では抗コリン作用により幻覚やせん妄を誘発する可能性があり、その目的での乱用事例が報告されています。ダウナー系の作用を示します。""},""ドーピング・毒性"":{""判定"":""ー"",""備考"":""WADAの禁止薬物リストには非該当です。  ・中毒量・致死量：【要確認】中毒量・致死量等の詳細はPoisindex等の一次資料を参照。""}},{""成分名"":""無水カフェイン"",""妊婦・授乳婦"":{""判定"":""〇"",""備考"":""(妊娠: A相当 / 授乳: 安全（L2相当）) 通常のOTC含有量（1回50mg程度）であれば妊婦・授乳婦ともに影響は少なく安全。ただし、コーヒー等からの過剰摂取（1日200〜300mg以上）には注意を促す。""},""運転・操作"":{""判定"":""ー"",""備考"":""覚醒効果がありますが、他の成分による眠気を完全に打ち消すわけではなく、過剰摂取は不安や神経過敏を引き起こす可能性があるため、本製品服用中の運転は避けるべきです。""},""禁忌・受診勧奨"":{""判定"":""△"",""備考"":""心疾患、胃潰瘍、緑内障、てんかん、不眠症、不安障害、高血圧、動悸のある患者は慎重投与が必要です。服用前にこれらの既往歴を確認し、該当する場合は医師への受診を勧奨してください。""},""相互作用"":{""判定"":""△"",""備考"":""・モノアミン酸化酵素阻害剤（MAOI）：併用によりカフェインの作用が増強され、動悸、不眠、神経過敏などの副作用が強まる可能性があります。  ・CYP1A2阻害薬（シメチジン、経口避妊薬、フルボキサミン、シプロフロキサシンなど）：カフェインの代謝を遅延させ、血中濃度を上昇させることで作用増強や副作用のリスクを高めます。  ・交感神経刺激薬（エフェドリン、プソイドエフェドリンなど）：併用により中枢神経興奮作用や心臓への負担が増強される可能性があります。  ・アルコール：カフェインの覚醒作用によりアルコールの鎮静作用がマスクされ、飲酒量の増加やアルコール中毒のリスクを高める可能性があります。""},""濫用・MOH"":{""判定"":""△"",""備考"":""常用により精神的依存を形成し、中断すると離脱症状（頭痛、倦怠感など）を呈することがあります。常用による薬剤乱用頭痛（MOH）のリスクもあります。アッパー系の作用を示します。""},""ドーピング・毒性"":{""判定"":""〇"",""備考"":""WADAの監視プログラム対象物質ですが、禁止薬物ではありません。ただし、高用量摂取は心臓血管系への影響や神経過敏を引き起こす可能性があります。  ・中毒量・致死量：【要確認】中毒量（TD50）や致死量（LD50）等の具体的な数値はPoisindex、Lexicomp等の一次資料を参照。一般的なヒトの致死量は、約150-200mg/kgと推定されていますが、個人差が大きいです。""}}]}"
2026/07/07 1:49:41,6,8才未満,妊婦又は妊娠していると思われる人は服用前に医師等に相談すること,ブロモバレリル尿素,"{""basis"":""2錠中"",""ingredients"":[{""name"":""アセトアミノフェン"",""id"":""D00217"",""amount"":265,""unit"":""mg""},{""name"":""エテンザミド"",""id"":""D01466"",""amount"":300,""unit"":""mg""},{""name"":""ブロモバレリル尿素"",""id"":""D01391"",""amount"":200,""unit"":""mg""},{""name"":""無水カフェイン"",""id"":""D00528"",""amount"":50,""unit"":""mg""}]}","{""adult_dose"":""2錠×3回"",""daily_dose"":6,""prohibited_age"":""8才未満""}","{""driving_warning"":""運転禁止"",""pregnancy_warning"":""妊婦又は妊娠していると思われる人は服用前に医師等に相談すること"",""drug_category"":""解熱鎮痛薬"",""category_limit"":7,""packages"":[{""package_type"":""24錠"",""estimated_days"":4,""capacity_judgment"":""小容量""},{""package_type"":""48錠"",""estimated_days"":8,""capacity_judgment"":""大容量""}]}",ナロン錠は、頭痛・歯痛・生理痛などの様々な痛みに効果的な解熱鎮痛薬です。アセトアミノフェンとエテンザミドの解熱鎮痛作用に加え、ブロモバレリル尿素の鎮静作用により痛みを効果的に和らげます。ピリン系の薬物を含まず、発熱時の解熱にも使用できます。,ナロン錠,＊〇,"古い製品のみブロモバレリル尿素配合で指定濫用の対象。
* ナロン錠：【8歳からの発熱・頭痛】に、アセトアミノフェンと依存性のあるブロモvaleryl尿素を配合（指定濫用該当）。
* ナロン顆粒：【1歳からの発熱・頭痛】に、アセトアミノフェンと依存性のあるブロモvaleryl尿素を配合（指定濫用該当）。
* ナロンm：【7歳からの発熱・頭痛】に、眠くならず胃に優しいアセトアミノフェンとビタミン類を配合。
* ナロンエースT：【大人のつらい頭痛・生理痛】に、イブプロフェンとエテンザミドをダブル配合した現在の主流。
* ナロンエースプレミアム：【繰り返すつらい頭痛】に、エテンザミドを増量し胃粘膜保護成分をプラスした最上位版。 ""","【⚠️レッドフラッグあり：現場確認必須】

【アセトアミノフェン】(妊娠: A / 授乳: 安全（L1相当）)
妊娠全期間・授乳中を通じて第一選択となる解熱鎮痛成分。通常のOTC用量であれば母子ともに安全性が極めて高い。

【エテンザミド】(妊娠: C / 授乳: 相談・注意（L3相当）)
サリチル酸系に属するため、妊娠後期（28週以降）の使用は動脈管早期閉鎖などのリスクとなり禁忌。アセトアミノフェン単剤への切り替えを強く推奨するレッドフラッグ成分。

【ブロモバレリル尿素】(妊娠: D相当 / 授乳: 危険（L4相当）)
依存性や乳児への移行による鎮静（傾眠・呼吸抑制）リスクが高いため、妊婦・授乳婦ともに原則使用を避けるべきダウナー系レッドフラッグ成分。

【無水カフェイン】(妊娠: A相当 / 授乳: 安全（L2相当）)
通常のOTC含有量（1回50mg程度）であれば妊婦・授乳婦ともに影響は少なく安全。ただし、コーヒー等からの過剰摂取（1日200〜300mg以上）には注意を促す。",【現場_代替薬提案】<br>ナロン錠はアセトアミノフェン、エテンザミド、ブロモバレリル尿素、無水カフェインを含む配合鎮痛薬です。ブロモバレリル尿素による鎮静作用と依存性、無水カフェインによる覚醒作用や不眠、エテンザミドによる消化器・腎機能への影響が懸念されます。患者さんの背景（妊婦、授乳婦、運転者、基礎疾患、依存リスクなど）に応じて、より安全な代替薬の提案を検討してください。<br>・<b>妊婦・授乳婦</b>：ブロモバレリル尿素が禁忌となるため、アセトアミノフェン単剤（例：タイレノールA）を第一選択薬として提案します。<br>・<b>運転・機械操作を要する方</b>：ブロモバレリル尿素による眠気のリスクがあるため、同成分を含まない鎮痛薬（例：アセトアミノフェン単剤、イブプロフェン単剤、ロキソプロフェン単剤）を提案します。<br>・<b>依存性・乱用性が懸念される方、長期連用を希望する方</b>：ブロモバレリル尿素は依存性・乱用性のリスクが高いため、同成分を含まない鎮痛薬を提案し、可能な限り単剤成分のものを選択するよう指導してください。また、薬剤乱用頭痛のリスクについても注意喚起し、根本的な痛みの原因に対する受診を促してください。<br>・<b>胃への負担を避けたい方</b>：アセトアミノフェン単剤を提案します。<br>・<b>不眠が気になる方</b>：無水カフェインを含まない鎮痛薬を提案します。,"【現場_服薬指導エビデンス】<br>・<b>妊婦・授乳婦</b>：<br> ・<b>アセトアミノフェン</b>：妊娠中、成育医療センターの『妊娠と薬』情報センターで『妊娠中の第一選択薬の一つ』とされており、TGA分類はAです。適切な用量であれば比較的安全とされていますが、長期・大量使用は避けるよう指導します。授乳中も成育医療センターの評価で『乳児への影響は少ないと考えられており、授乳中の鎮痛剤として推奨される』とされています。<br> ・<b>エテンザミド</b>：妊娠中、明確な安全性データが限定的であり、サリチル酸系であるため、妊娠後期での使用は胎児の動脈管収縮のリスクが懸念されます（NSAIDsと同様）。TGA分類はDです。使用は避けることが望ましいとされています。授乳中も乳汁移行に関するデータが少なく、乳児への影響を考慮し、使用は避けることが望ましいです。<br> ・<b>ブロモバレリル尿素</b>：妊娠中、胎盤を通過し、胎児に催奇形性や新生児の離脱症状、呼吸抑制を引き起こす可能性があります。TGA分類はDであり、絶対禁忌です。授乳中も乳汁中に移行し、乳児に鎮静作用や呼吸抑制を引き起こす可能性があるため、絶対禁忌です。<br> ・<b>無水カフェイン</b>：妊娠中の大量摂取は胎児への影響（低出生体重、流産リスク）が指摘されます。医薬品としての50mgは通常のコーヒー一杯程度ですが、常用は避けるべきです（TGA分類A：少量であれば）。授乳中も乳汁中に移行し、乳児の不眠や過敏症の原因となることがあるため、摂取は控えるか、授乳直後に少量に留めるよう指導します。<br>・<b>運転・操作</b>：<br> ・<b>アセトアミノフェン</b>：通常用量では運転・機械操作に影響はありません。<br> ・<b>エテンザミド</b>：通常用量では運転・機械操作に影響はありませんが、過敏な体質の方には注意を促してください。<br> ・<b>ブロモバレリル尿素</b>：中枢神経抑制作用（鎮静、眠気、集中力低下など）が強いため、服用中の運転・機械操作は絶対に避けるよう指導してください。<br> ・<b>無水カフェイン</b>：覚醒作用がありますが、ブロモバレリル尿素による眠気の影響が支配的であるため、総合的に運転・機械操作は避けるべきです。<br>・<b>禁忌・受診勧奨</b>：<br> ・<b>製品全体</b>：本剤の成分により過敏症を起こしたことがある方、ぜんそくを起こしたことがある方、15歳未満の小児、妊婦または妊娠している可能性のある方、授乳婦は禁忌です。肝臓病、腎臓病、心臓病、胃・十二指腸潰瘍の診断を受けた方は、服用前に医師または薬剤師に相談するよう勧奨してください。<br> ・<b>アセトアミノフェン</b>：重篤な肝機能障害のある方、アセトアミノフェン過敏症の既往がある方は禁忌です。肝機能障害のある患者、アルコール多飲者、長期連用者には受診勧奨します。<br> ・<b>エテンザミド</b>：消化性潰瘍、アスピリン喘息の既往、重篤な腎機能障害のある方は禁忌です。腎機能障害、消化器系疾患の既往、喘息患者には受診勧奨します。<br> ・<b>ブロモバレリル尿素</b>：本剤または他のバルビツール酸系化合物に対し過敏症の既往、急性間欠性ポルフィリン症の方は禁忌です。重篤な肝・腎機能障害、呼吸器疾患（肺気腫、喘息等）、心機能低下患者、精神神経系疾患の患者、高齢者には受診勧奨します。<br> ・<b>無水カフェイン</b>：カフェイン過敏症の既往がある方は禁忌です。心疾患（不整脈等）、胃潰瘍、緑内障、不眠症の方には受診勧奨します。<br>・<b>相互作用</b>：<br> ・<b>アセトアミノフェン</b>：アルコールとの併用で肝毒性が増強するリスクがあります。ワルファリンとの大量・長期併用で抗凝固作用が増強する可能性があります。CYP酵素誘導剤（フェニトイン、カルバマゼピンなど）との併用で肝毒性が増強する可能性があります。<br> ・<b>エテンザミド</b>：他のNSAIDsやステロイドとの併用で消化管出血のリスクが増大します。ワルファリンとの併用で抗凝固作用が増強する可能性があります。アルコールとの併用で消化管刺激作用が増強する可能性があります。<br> ・<b>ブロモバレリル尿素</b>：アルコール、他の中枢神経抑制剤（抗ヒスタミン薬、抗不安薬、睡眠薬など）との併用で中枢神経抑制作用が著しく増強するため、併用は避けるか慎重に検討してください。MAO阻害薬との併用で中枢神経抑制作用が増強する可能性があります。<br> ・<b>無水カフェイン</b>：アルコールとの併用では、カフェインの覚醒作用によりアルコールの鎮静作用がマスクされ、過剰摂取につながる可能性があります。MAO阻害薬との併用でカフェインの作用増強（不眠、神経過敏）のリスクがあります。キノロン系抗生物質（シプロフロキサシンなど）との併用でカフェインの代謝が阻害され、作用が増強する可能性があります。エフェドリン、プソイドエフェドリンとの併用で中枢刺激作用が増強し、不整脈のリスクが高まります。<br>・<b>濫用・MOH</b>：<br> ・<b>アセトアミノフェン</b>：単体での乱用性は低いですが、長期・高頻度使用により薬剤乱用頭痛（MOH）のリスクがあります。<br> ・<b>エテンザミド</b>：単体での乱用性は低いですが、長期・高頻度使用により薬剤乱用頭痛（MOH）のリスクがあります。<br> ・<b>ブロモバレリル尿素</b>：ダウナー系の薬剤であり、バルビツール酸誘導体であるため、精神的・身体的依存を形成するリスクが非常に高いです。連用は厳禁とし、薬剤乱用頭痛（MOH）のリスクも高いです。安易な長期連用を避けるよう厳重に指導してください。<br> ・<b>無水カフェイン</b>：アッパー系の薬剤であり、精神的依存を形成するリスクがあります。過剰摂取は不安、不眠、頻脈の原因となります。単独でも薬剤乱用頭痛（MOH）を引き起こす可能性があります。<br> ・<b>製品全体</b>：ブロモバレリル尿素の依存性・乱用性、及びカフェインによる精神依存のリスクがあるため、本剤の長期連用は厳禁です。薬剤乱用頭痛（MOH）のリスクも高いため、漫然とした使用は避け、使用期間・回数を厳守するよう指導してください。<br>・<b>ドーピング・毒性</b>：<br> ・<b>アセトアミノフェン</b>：WADA（世界アンチ・ドーピング機構）禁止リストに該当しません。毒性については、急性中毒量として成人で7.5g以上、重篤な肝障害は10g以上とされることが一般的ですが、アルコール多飲者などでは少量でも危険です。小児では体重あたり150mg/kg以上で中毒のリスクがあります。【要確認】中毒量・致死量等の詳細はPoisindex等の一次資料を参照してください。<br> ・<b>エテンザミド</b>：WADA禁止リストに該当しません。毒性については、大量摂取でサリチル酸中毒様の症状（耳鳴り、めまい、過呼吸、代謝性アシドーシスなど）が現れることがあります。【要確認】中毒量・致死量等の詳細はPoisindex等の一次資料を参照してください。<br> ・<b>ブロモバレリル尿素</b>：WADA禁止リストに該当しません。毒性については、中枢神経抑制作用が強く、過量摂取で重度の鎮静、昏睡、呼吸抑制を引き起こす可能性があります。【要確認】中毒量・致死量等の詳細はPoisindex等の一次資料を参照してください。<br> ・<b>無水カフェイン</b>：WADA禁止リストには『特定の競技において基準値以上で禁止』という規定がありますが、一般的な市販薬の含有量（50mg/2錠）ではドーピング検査で問題となることは稀です。ただし、他のカフェイン含有製品との累積摂取には注意が必要です。毒性については、LD50は成人で約10gとされていますが、個人差が大きく、数百mgの摂取でも不眠、動悸、不安などの症状が出始めることがあります。【要確認】中毒量・致死量等の詳細はPoisindex, Lexicomp等の一次資料を参照してください。","{""成分マトリックス"":[{""成分名"":""アセトアミノフェン"",""妊婦・授乳婦"":{""判定"":""〇"",""備考"":""(妊娠: A / 授乳: 安全（L1相当）) 妊娠全期間・授乳中を通じて第一選択となる解熱鎮痛成分。通常のOTC用量であれば母子ともに安全性が極めて高い。""},""運転・操作"":{""判定"":""〇"",""備考"":""通常用量では運転・機械操作に影響はありません。""},""禁忌・受診勧奨"":{""判定"":""✕"",""備考"":""重篤な肝機能障害のある方、アセトアミノフェン過敏症の既往がある方は禁忌です。肝機能障害のある患者、アルコール多飲者、長期連用者には受診勧奨します。""},""相互作用"":{""判定"":""△"",""備考"":""アルコールとの併用で肝毒性が増強するリスクがあります。ワルファリンとの大量・長期併用で抗凝固作用が増強する可能性があります。CYP酵素誘導剤（フェニトイン、カルバマゼピンなど）との併用で肝毒性が増強する可能性があります。""},""濫用・MOH"":{""判定"":""△"",""備考"":""単体での乱用性は低いですが、長期・高頻度使用により薬剤乱用頭痛（MOH）のリスクがあります。""},""ドーピング・毒性"":{""判定"":""△"",""備考"":""WADA（世界アンチ・ドーピング機構）禁止リストに該当しません。毒性については、急性中毒量として成人で7.5g以上、重篤な肝障害は10g以上とされることが一般的ですが、アルコール多飲者などでは少量でも危険です。小児では体重あたり150mg/kg以上で中毒のリスクがあります。【要確認】中毒量・致死量等の詳細はPoisindex等の一次資料を参照してください。""}},{""成分名"":""エテンザミド"",""妊婦・授乳婦"":{""判定"":""✕"",""備考"":""(妊娠: C / 授乳: 相談・注意（L3相当）) サリチル酸系に属するため、妊娠後期（28週以降）の使用は動脈管早期閉鎖などのリスクとなり禁忌。アセトアミノフェン単剤への切り替えを強く推奨するレッドフラッグ成分。""},""運転・操作"":{""判定"":""〇"",""備考"":""通常用量では運転・機械操作に影響はありませんが、過敏な体質の方には注意を促してください。""},""禁忌・受診勧奨"":{""判定"":""✕"",""備考"":""消化性潰瘍、アスピリン喘息の既往、重篤な腎機能障害のある方は禁忌です。腎機能障害、消化器系疾患の既往、喘息患者には受診勧奨します。""},""相互作用"":{""判定"":""△"",""備考"":""他のNSAIDsやステロイドとの併用で消化管出血のリスクが増大します。ワルファリンとの併用で抗凝固作用が増強する可能性があります。アルコールとの併用で消化管刺激作用が増強する可能性があります。""},""濫用・MOH"":{""判定"":""△"",""備考"":""単体での乱用性は低いですが、長期・高頻度使用により薬剤乱用頭痛（MOH）のリスクがあります。""},""ドーピング・毒性"":{""判定"":""ー"",""備考"":""WADA禁止リストに該当しません。毒性については、大量摂取でサリチル酸中毒様の症状（耳鳴り、めまい、過呼吸、代謝性アシドーシスなど）が現れることがあります。【要確認】中毒量・致死量等の詳細はPoisindex等の一次資料を参照してください。""}},{""成分名"":""ブロモバレリル尿素"",""妊婦・授乳婦"":{""判定"":""✕"",""備考"":""(妊娠: D相当 / 授乳: 危険（L4相当）) 依存性や乳児への移行による鎮静（傾眠・呼吸抑制）リスクが高いため、妊婦・授乳婦ともに原則使用を避けるべきダウナー系レッドフラッグ成分。""},""運転・操作"":{""判定"":""✕"",""備考"":""中枢神経抑制作用（鎮静、眠気、集中力低下など）が強いため、服用中の運転・機械操作は絶対に避けるよう指導してください。""},""禁忌・受診勧奨"":{""判定"":""✕"",""備考"":""本剤または他のバルビツール酸系化合物に対し過敏症の既往、急性間欠性ポルフィリン症の方は禁忌です。重篤な肝・腎機能障害、呼吸器疾患（肺気腫、喘息等）、心機能低下患者、精神神経系疾患の患者、高齢者には受診勧奨します。""},""相互作用"":{""判定"":""△"",""備考"":""アルコール、他の中枢神経抑制剤（抗ヒスタミン薬、抗不安薬、睡眠薬など）との併用で中枢神経抑制作用が著しく増強するため、併用は避けるか慎重に検討してください。MAO阻害薬との併用で中枢神経抑制作用が増強する可能性があります。""},""濫用・MOH"":{""判定"":""△"",""備考"":""ダウナー系の薬剤であり、バルビツール酸誘導体であるため、精神的・身体的依存を形成するリスクが非常に高いです。連用は厳禁とし、薬剤乱用頭痛（MOH）のリスクも高いです。安易な長期連用を避けるよう厳重に指導してください。""},""ドーピング・毒性"":{""判定"":""ー"",""備考"":""WADA禁止リストに該当しません。毒性については、中枢神経抑制作用が強く、過量摂取で重度の鎮静、昏睡、呼吸抑制を引き起こす可能性があります。【要確認】中毒量・致死量等の詳細はPoisindex等の一次資料を参照してください。""}},{""成分名"":""無水カフェイン"",""妊婦・授乳婦"":{""判定"":""〇"",""備考"":""(妊娠: A相当 / 授乳: 安全（L2相当）) 通常のOTC含有量（1回50mg程度）であれば妊婦・授乳婦ともに影響は少なく安全。ただし、コーヒー等からの過剰摂取（1日200〜300mg以上）には注意を促す。""},""運転・操作"":{""判定"":""ー"",""備考"":""覚醒作用がありますが、ブロモバレリル尿素による眠気の影響が支配的であるため、総合的に運転・機械操作は避けるべきです。""},""禁忌・受診勧奨"":{""判定"":""✕"",""備考"":""カフェイン過敏症の既往がある方は禁忌です。心疾患（不整脈等）、胃潰瘍、緑内障、不眠症の方には受診勧奨します。""},""相互作用"":{""判定"":""△"",""備考"":""アルコールとの併用では、カフェインの覚醒作用によりアルコールの鎮静作用がマスクされ、過剰摂取につながる可能性があります。MAO阻害薬との併用でカフェインの作用増強（不眠、神経過敏）のリスクがあります。キノロン系抗生物質（シプロフロキサシンなど）との併用でカフェインの代謝が阻害され、作用が増強する可能性があります。エフェドリン、プソイドエフェドリンとの併用で中枢刺激作用が増強し、不整脈のリスクが高まります。""},""濫用・MOH"":{""判定"":""△"",""備考"":""アッパー系の薬剤であり、精神的依存を形成するリスクがあります。過剰摂取は不安、不眠、頻脈の原因となります。単独でも薬剤乱用頭痛（MOH）を引き起こす可能性があります。""},""ドーピング・毒性"":{""判定"":""△"",""備考"":""WADA禁止リストには『特定の競技において基準値以上で禁止』という規定がありますが、一般的な市販薬の含有量（50mg/2錠）ではドーピング検査で問題となることは稀です。ただし、他のカフェイン含有製品との累積摂取には注意が必要です。毒性については、LD50は成人で約10gとされていますが、個人差が大きく、数百mgの摂取でも不眠、動悸、不安などの症状が出始めることがあります。【要確認】中毒量・致死量等の詳細はPoisindex, Lexicomp等の一次資料を参照してください。""}},{""成分名"":""製品全体"",""禁忌・受診勧奨"":{""判定"":""✕"",""備考"":""本剤の成分により過敏症を起こしたことがある方、ぜんそくを起こしたことがある方、15歳未満の小児、妊婦または妊娠している可能性のある方、授乳婦は禁忌です。肝臓病、腎臓病、心臓病、胃・十二指腸潰瘍の診断を受けた方は、服用前に医師または薬剤師に相談するよう勧奨してください。""},""濫用・MOH"":{""判定"":""△"",""備考"":""ブロモバレリル尿素の依存性・乱用性、及びカフェインによる精神依存のリスクがあるため、本剤の長期連用は厳禁です。薬剤乱用頭痛（MOH）のリスクも高いため、漫然とした使用は避け、使用期間・回数を厳守するよう指導してください。""}}]}"
2026/07/07 1:52:41,6,乳幼児（7才未満）,妊婦または妊娠していると思われる人は服用前に医師、歯科医師、薬剤師または登録販売者に相談すること,-,"{""basis"":""1錠中"",""ingredients"":[{""name"":""エテンザミド"",""id"":""D01466"",""amount"":200,""unit"":""mg""},{""name"":""アセトアミノフェン"",""id"":""D00217"",""amount"":80,""unit"":""mg""},{""name"":""アリルイソプロピルアセチル尿素"",""id"":""D03975"",""amount"":30,""unit"":""mg""},{""name"":""無水カフェイン"",""id"":""D00528"",""amount"":40,""unit"":""mg""}]}","{""adult_dose"":""2錠：3回を限度とする"",""daily_dose"":6,""prohibited_age"":""乳幼児（7才未満）""}","{""driving_warning"":""運転禁止"",""pregnancy_warning"":""妊婦または妊娠していると思われる人は服用前に医師、歯科医師、薬剤師または登録販売者に相談すること"",""drug_category"":""解熱鎮痛薬"",""category_limit"":7,""packages"":[]}",新セデス錠は4種類の成分を配合することにより、すぐれた鎮痛効果をあらわす非ピリン系解熱鎮痛薬です。速く効き、胃にソフトなのが特徴で、頭痛・月経痛（生理痛）・歯痛・神経痛・腰痛などの痛みの鎮痛や、悪寒・発熱時の解熱に効果を発揮します。,新セデス錠,対象外,"""セデスシリーズはすべて対象外
セデスV：【肩こり痛・腰痛】に、非ピリン系成分（アセトアミノフェン等）と疲労を和らげるビタミンB1を配合。
セデス・ハイ：【がまんできない強い頭痛】に、強力なピリン系鎮痛成分IPAと鎮静成分を配合。
セデス・ハイ プロテクト：【強い頭痛＋胃の弱さ】に、強力なIPAに加えて胃酸を中和し胃粘膜を守る成分をプラス。
セデス・ハイG：【がまんできない強い頭痛】に、セデス・ハイと同じ強力なIPAを配合したサッと溶ける顆粒（粉）タイプ。
新セデス錠：【普段の頭痛・生理痛】に、3つの成分で痛みを優しく抑える伝統的な非ピリン系のACE処方""","【⚠️レッドフラッグあり：現場確認必須】

【エテンザミド】(妊娠: C / 授乳: 相談・注意（L3相当）)
サリチル酸系に属するため、妊娠後期（28週以降）の使用は動脈管早期閉鎖などのリスクとなり禁忌。アセトアミノフェン単剤への切り替えを強く推奨するレッドフラッグ成分。

【アセトアミノフェン】(妊娠: A / 授乳: 安全（L1相当）)
妊娠全期間・授乳中を通じて第一選択となる解熱鎮痛成分。通常のOTC用量であれば母子ともに安全性が極めて高い。

【アリルイソプロピルアセチル尿素】(妊娠: 未分類（禁忌） / 授乳: 危険（L4相当）)
鎮静成分（イブA錠やノーシンピュア等に配合）。乳児への移行による過鎮静（傾眠）リスクがあるため授乳中は避ける。妊婦にも胎児への影響を考慮し、鎮静成分を含まない鎮痛薬（タイレノールA等）への変更を必ず提案すべきレッドフラッグ成分。

【無水カフェイン】(妊娠: A相当 / 授乳: 安全（L2相当）)
通常のOTC含有量（1回50mg程度）であれば妊婦・授乳婦ともに影響は少なく安全。ただし、コーヒー等からの過剰摂取（1日200〜300mg以上）には注意を促す。",【現場_代替薬提案】<br>新セデス錠はアセトアミノフェン、エテンザミド、アリルイソプロピルアセチル尿素、無水カフェインが配合されたIPA処方の解熱鎮痛薬です。鎮静成分やカフェインを含むため高い鎮痛効果が期待できますが、妊婦、授乳婦、運転をする方、または薬物依存・薬剤乱用頭痛を懸念する方には以下の代替薬を提案します。<br>1. <b>妊婦・授乳婦の方、運転をする方、胃への負担を減らしたい方</b>：『アセトアミノフェン単剤』「例：タイレノールA等」を推奨します。眠気を引き起こす鎮静成分や、妊娠後期に禁忌となるサリチル酸系成分「エテンザミド」を含まないため安全性が極めて高く、成育医療センターの評価でもL1「授乳期」とされています。<br>2. <b>しっかりとした鎮痛効果を求めつつ、眠気を避けたい方</b>：『ロキソプロフェン単剤』「例：ロキソニンS等」や『イブプロフェン単剤』を推奨します。アリルイソプロピルアセチル尿素を含まないため、服用後の運転が可能です「ただし妊娠後期は避けること」。<br>3. <b>薬剤乱用頭痛「MOH」を予防したい方</b>：鎮静薬やカフェインを含まない単一成分の鎮痛薬「アセトアミノフェン単剤、イブプロフェン単剤等」を選択し、週2〜3日以上の常用を避ける指導を行います。,【現場_服薬指導エビデンス】<br>・<b>妊婦・授乳婦</b>：<br>  ・<b>アセトアミノフェン</b>：オーストラリアTGA分類で『A』「妊婦への安全性が高い」。成育医療センターの授乳期評価で『L1』であり、妊娠中・授乳中ともに第一選択として推奨されます。<br>  ・<b>エテンザミド</b>：サリチル酸系製剤であり、出産予定日12週以内の妊婦には禁忌「胎児の動脈管収縮や動脈管開存、新生児の出血傾向などのリスク」。授乳中も乳児へのライ症候群発症リスクを考慮し、避けることが望ましいです。<br>  ・<b>アリルイソプロピルアセチル尿素</b>：妊娠中の安全性は確立されておらず、原則避けます。授乳中も乳児への移行による鎮静や嗜眠のリスクがあるため、使用は避けることが推奨されます。<br>  ・<b>無水カフェイン</b>：多量摂取により胎児発育遅延や流産のリスク、また授乳期は乳児の不眠やイライラ感につながるため、一時的な使用に留め、常用や多量摂取は避けるべきです。<br>・<b>運転・操作</b>：<br>  ・<b>アリルイソプロピルアセチル尿素</b>：催眠・鎮静作用があるため、本剤服用後の自動車の運転や危険を伴う機械の操作は一律『禁止』です。<br>  ・<b>アセトアミノフェン、エテンザミド、無水カフェイン</b>：これらの成分自体には強い運転制限はありませんが、製品全体としてアリルイソプロピルアセチル尿素を含むため、運転不可の指導を徹底してください。<br>・<b>禁忌・受診勧奨</b>：<br>  ・<b>アセトアミノフェン</b>：重篤な肝障害のある患者は禁忌です。<br>  ・<b>エテンザミド</b>：アスピリン喘息「NSAIDsによる喘息誘発」の既往歴がある患者、消化性潰瘍のある患者は禁忌です。また、15歳未満の小児において水痘・インフルエンザ罹患時のライ症候群誘発リスクがあるため、本剤の小児への使用は禁止されています。<br>  ・<b>アリルイソプロピルアセチル尿素</b>：急性間欠性ポルフィリン症の患者には禁忌です。<br>  ・<b>受診勧奨</b>：激しい頭痛、発熱が5日以上続く場合、頭部外傷に伴う頭痛などのレッドフラッグサインが見られる場合は直ちに受診を勧奨してください。<br>・<b>相互作用</b>：<br>  ・<b>アセトアミノフェン</b>：アルコール「酒類」との併用により、肝毒性が著しく増強されるおそれがあります。<br>  ・<b>エテンザミド</b>：他のNSAIDs、サリチル酸系製剤、抗凝固薬「ワルファリン等」との併用により、胃腸障害や出血リスクが増強されます。<br>  ・<b>アリルイソプロピルアセチル尿素</b>：他の鎮静薬、抗ヒスタミン薬、アルコールなどの中枢神経抑制作用を持つ物質と併用すると、強い眠気や呼吸抑制などのリスクが増大します。<br>  ・<b>無水カフェイン</b>：他のカフェイン含有飲料やキサンチン系薬剤との併用により、不眠、動悸、興奮などの離脱・過剰症状が現れやすくなります。<br>・<b>濫用・MOH</b>：<br>  ・<b>アリルイソプロピルアセチル尿素</b>：鎮静作用「ダウナー系」を持ち、習慣性・依存性があるため、精神的・身体的依存のリスクがあります。連用により『薬物乱用頭痛「MOH」』を引き起こす主因となります。<br>  ・<b>無水カフェイン</b>：中枢興奮作用「アッパー系」があり、精神依存を形成しやすく、鎮痛薬の中断時に頭痛を悪化させる『離脱頭痛』の原因となります。<br>  ・<b>エテンザミド、アセトアミノフェン</b>：これらの成分自体も、カフェインや鎮静薬と組み合わさった複合剤「ACE処方・IPA処方」として常用することで、脳の痛みの感受性を高め、薬剤乱用頭痛の発生頻度を著しく上昇させます。月に10日以上の使用は避けるよう指導してください。<br>・<b>ドーピング・毒性</b>：<br>  ・<b>ドーピング</b>：本剤に含まれるすべての成分「アセトアミノフェン、エテンザミド、アリルイソプロピルアセチル尿素、カフェイン」は、WADA「世界アンチ・ドーピング機構」の現行の禁止物質リストにおいて禁止されておらず、競技での使用が可能です「カフェインは監視プログラム対象ですが禁止物質ではありません」。<br>  ・<b>毒性</b>：【要確認】中毒量・致死量等の詳細はPoisindex等の一次資料を参照してください。アセトアミノフェンの過量投与による急性肝不全、カフェインの過量摂取による急性中毒「不整脈、痙攣等」の危険があるため、用法・用量を厳守するよう徹底指導が必要です。,"{""成分マトリックス"":[{""成分名"":""アセトアミノフェン"",""妊婦・授乳婦"":{""判定"":""〇"",""備考"":""(妊娠: A / 授乳: 安全（L1相当）) 妊娠全期間・授乳中を通じて第一選択となる解熱鎮痛成分。通常のOTC用量であれば母子ともに安全性が極めて高い。""},""禁忌・受診勧奨"":{""判定"":""✕"",""備考"":""重篤な肝障害のある患者は禁忌です。""},""相互作用"":{""判定"":""ー"",""備考"":""アルコール「酒類」との併用により、肝毒性が著しく増強されるおそれがあります。""}},{""成分名"":""エテンザミド"",""妊婦・授乳婦"":{""判定"":""✕"",""備考"":""(妊娠: C / 授乳: 相談・注意（L3相当）) サリチル酸系に属するため、妊娠後期（28週以降）の使用は動脈管早期閉鎖などのリスクとなり禁忌。アセトアミノフェン単剤への切り替えを強く推奨するレッドフラッグ成分。""},""禁忌・受診勧奨"":{""判定"":""✕"",""備考"":""アスピリン喘息「NSAIDsによる喘息誘発」の既往歴がある患者、消化性潰瘍のある患者は禁忌です。また、15歳未満の小児において水痘・インフルエンザ罹患時のライ症候群誘発リスクがあるため、本剤の小児への使用は禁止されています。""},""相互作用"":{""判定"":""△"",""備考"":""他のNSAIDs、サリチル酸系製剤、抗凝固薬「ワルファリン等」との併用により、胃腸障害や出血リスクが増強されます。""}},{""成分名"":""アリルイソプロピルアセチル尿素"",""妊婦・授乳婦"":{""判定"":""✕"",""備考"":""(妊娠: 未分類（禁忌） / 授乳: 危険（L4相当）) 鎮静成分（イブA錠やノーシンピュア等に配合）。乳児への移行による過鎮静（傾眠）リスクがあるため授乳中は避ける。妊婦にも胎児への影響を考慮し、鎮静成分を含まない鎮痛薬（タイレノールA等）への変更を必ず提案すべきレッドフラッグ成分。""},""運転・操作"":{""判定"":""ー"",""備考"":""催眠・鎮静作用があるため、本剤服用後の自動車の運転や危険を伴う機械の操作は一律『禁止』です。""},""禁忌・受診勧奨"":{""判定"":""✕"",""備考"":""急性間欠性ポルフィリン症の患者には禁忌です。""},""相互作用"":{""判定"":""△"",""備考"":""他の鎮静薬、抗ヒスタミン薬、アルコールなどの中枢神経抑制作用を持つ物質と併用すると、強い眠気や呼吸抑制などのリスクが増大します。""},""濫用・MOH"":{""判定"":""△"",""備考"":""鎮静作用「ダウナー系」を持ち、習慣性・依存性があるため、精神的・身体的依存のリスクがあります。連用により『薬物乱用頭痛「MOH」』を引き起こす主因となります。""}},{""成分名"":""無水カフェイン"",""妊婦・授乳婦"":{""判定"":""〇"",""備考"":""(妊娠: A相当 / 授乳: 安全（L2相当）) 通常のOTC含有量（1回50mg程度）であれば妊婦・授乳婦ともに影響は少なく安全。ただし、コーヒー等からの過剰摂取（1日200〜300mg以上）には注意を促す。""},""相互作用"":{""判定"":""ー"",""備考"":""他のカフェイン含有飲料やキサンチン系薬剤との併用により、不眠、動悸、興奮などの離脱・過剰症状が現れやすくなります。""},""濫用・MOH"":{""判定"":""△"",""備考"":""中枢興奮作用「アッパー系」があり、精神依存を形成しやすく、鎮痛薬の中断時に頭痛を悪化させる『離脱頭痛』の原因となります。""}},{""成分名"":""アセトアミノフェン、エテンザミド、無水カフェイン"",""運転・操作"":{""判定"":""〇"",""備考"":""これらの成分自体には強い運転制限はありませんが、製品全体としてアリルイソプロピルアセチル尿素を含むため、運転不可の指導を徹底してください。""}},{""成分名"":""受診勧奨"",""禁忌・受診勧奨"":{""判定"":""ー"",""備考"":""激しい頭痛、発熱が5日以上続く場合、頭部外傷に伴う頭痛などのレッドフラッグサインが見られる場合は直ちに受診を勧奨してください。""}},{""成分名"":""エテンザミド、アセトアミノフェン"",""濫用・MOH"":{""判定"":""△"",""備考"":""これらの成分自体も、カフェインや鎮静薬と組み合わさった複合剤「ACE処方・IPA処方」として常用することで、脳の痛みの感受性を高め、薬剤乱用頭痛の発生頻度を著しく上昇させます。月に10日以上の使用は避けるよう指導してください。""}},{""成分名"":""ドーピング"",""ドーピング・毒性"":{""判定"":""〇"",""備考"":""本剤に含まれるすべての成分「アセトアミノフェン、エテンザミド、アリルイソプロピルアセチル尿素、カフェイン」は、WADA「世界アンチ・ドーピング機構」の現行の禁止物質リストにおいて禁止されておらず、競技での使用が可能です「カフェインは監視プログラム対象ですが禁止物質ではありません」。""}},{""成分名"":""毒性"",""ドーピング・毒性"":{""判定"":""ー"",""備考"":""【要確認】中毒量・致死量等の詳細はPoisindex等の一次資料を参照してください。アセトアミノフェンの過量投与による急性肝不全、カフェインの過量摂取による急性中毒「不整脈、痙攣等」の危険があるため、用法・用量を厳守するよう徹底指導が必要です。""}}]}"
2026/07/07 1:55:18,3,15才未満の小児,妊婦又は妊娠していると思われる人は服用前に医師、歯科医師、薬剤師又は登録販売者に相談すること。,-,"{""basis"":""1包(690mg)中"",""ingredients"":[{""name"":""アセトアミノフェン"",""id"":""D00217"",""amount"":300,""unit"":""mg""},{""name"":""エテンザミド"",""id"":""D01466"",""amount"":120,""unit"":""mg""},{""name"":""カフェイン水和物"",""id"":""D01453"",""amount"":70,""unit"":""mg""}]}","{""adult_dose"":""1包×3回"",""daily_dose"":3,""prohibited_age"":""15才未満の小児""}","{""driving_warning"":"""",""pregnancy_warning"":""妊婦又は妊娠していると思われる人は服用前に医師、歯科医師、薬剤師又は登録販売者に相談すること。"",""drug_category"":""解熱鎮痛薬"",""category_limit"":7,""packages"":[{""package_type"":""20包"",""estimated_days"":6.7,""capacity_judgment"":""小容量""},{""package_type"":""40包"",""estimated_days"":13.3,""capacity_judgment"":""大容量""},{""package_type"":""100包"",""estimated_days"":33.3,""capacity_judgment"":""大容量""}]}",ノーシンは、ACE処方の3つの有効成分（アセトアミノフェン、エテンザミド、カフェイン水和物）が協力的に作用して、頭痛などの痛みや熱によく効きます。胃にやさしいのに速く効き、眠くなる成分や習慣性のある成分は含まれていません。,ノーシン,対象外,"""ノーシンシリーズはすべて対象外
* オトナノーシンピュア：【生理痛・頭痛】に、IB＋アリルイソプロピルアセチル尿素に胃粘膜保護成分の乾燥水酸化アルミニウムゲルをプラス。
* ノーシンピュア：【女性の生理痛・頭痛】に、速効性のIB＋アリルイソプロピルアセチル尿素＋無水カフェインの定番構成。
* 小中学生用ノーシンピュア：【7〜14歳の生理痛・頭痛】に、子どもに安全なAAPを単一の鎮痛成分として配合した小粒錠。
* ノーシン：【大人の頭痛・発熱】に、素早く溶けて胃に優しい伝統の「ACE処方（AAP＋エテンザミド＋無水カフェイン）」の散剤。
* ノーシン錠：【大人の頭痛・発熱】に、伝統の「ACE処方（AAP＋エテンザミド＋無水カフェイン）」をそのまま錠剤にしたタイプ。
* ノーシンホワイト錠：【頭痛・生理痛】に、眠くなる成分を一切入れず、すっきり飲めるシャープな「ACE処方」の白の錠剤。
* ノーシンアイ頭痛薬：【つらい頭痛】に、IBとAAPをダブル配合し、アリルイソプロピルアセチル尿素や無水カフェインを排除した眠気・カフェインゼロ処方。
* ノーシンアセトアミノフェン錠(A)：【7歳からの頭痛・発熱】に、眠くなる成分やカフェインを一切含まない胃に優しいAAP単味剤。""","【⚠️レッドフラッグあり：現場確認必須】

【アセトアミノフェン】(妊娠: A / 授乳: 安全（L1相当）)
妊娠全期間・授乳中を通じて第一選択となる解熱鎮痛成分。通常のOTC用量であれば母子ともに安全性が極めて高い。

【エテンザミド】(妊娠: C / 授乳: 相談・注意（L3相当）)
サリチル酸系に属するため、妊娠後期（28週以降）の使用は動脈管早期閉鎖などのリスクとなり禁忌。アセトアミノフェン単剤への切り替えを強く推奨するレッドフラッグ成分。

【カフェイン水和物】(妊娠: A相当 / 授乳: 安全（L2相当）)
鎮痛補助成分。無水カフェインと同様、OTCの通常用量（1回50mg程度）であれば妊婦・授乳婦ともに安全。ただし、コーヒー等からの過剰摂取（1日200〜300mg以上）には注意を促す。",【現場_代替薬提案】<br>・<b>妊婦・授乳婦、サリチル酸アレルギー、胃障害懸念の患者</b>：エテンザミドを含まないアセトアミノフェン単一製剤『タイレノールAなど』への代替を推奨します。アセトアミノフェン単剤は妊娠中の解熱鎮痛の第一選択薬であり、授乳期も安全に使用可能です。<br>・<b>カフェインの摂取を避けたい患者・不眠傾向のある患者</b>：カフェイン水和物を含まないアセトアミノフェン単一製剤や、カフェインフリーの解熱鎮痛薬を提案してください。<br>・<b>運転者</b>：本剤は鎮静成分を含まないため運転自体は可能ですが、カフェイン離脱に伴う眠気のリスクを避けるため、ノンカフェイン製剤の選択も視野に入ります。,【現場_服薬指導エビデンス】<br>・<b>妊婦・授乳婦</b>：<br> ・<b>アセトアミノフェン</b>：妊娠中の解熱鎮痛薬の第一選択薬です。オーストラリアTGA分類ではカテゴリーAに分類されており、安全性に関する実績が豊富です。授乳婦においては、国立成育医療研究センターの基準で授乳中に安全に使用できるとされる薬のL1『最も安全』に分類され、母乳移行も極めて少量です。<br> ・<b>エテンザミド</b>：サリチル酸系製剤であり、出産予定日12週以内の妊婦には禁忌です。胎児の動脈管収縮や新生児の出血傾向、分娩遅延のリスクがあります。妊娠初期から中期、授乳期においても、治療上の有益性が危険性を上回る場合のみの最小限の投与にとどめてください。<br> ・<b>カフェイン水和物</b>：妊婦の大量摂取は胎児の発育遅延等のリスクが指摘されているため、過剰・長期連用は避ける指導が必要です。授乳婦では母乳移行により乳児の興奮や不眠を招くおそれがあるため、服用直後の授乳は避けるなどタイミングの工夫が望ましいです。<br>・<b>運転・操作</b>：<br> ・<b>アセトアミノフェン、エテンザミド</b>：眠気を誘発する抗ヒスタミン薬や鎮静成分は含まれておらず、運転・操作に関する法的な禁止規定はありません。<br> ・<b>カフェイン水和物</b>：中枢興奮作用により一時的に覚醒効果を発揮しますが、効果消失後の反跳性眠気や疲労感の自覚に注意するよう指導してください。<br>・<b>禁忌・受診勧奨</b>：<br> ・<b>エテンザミド</b>：本剤またはサリチル酸系製剤、アスピリン等に対する過敏症、アスピリン喘息『NSAIDs喘息』の既往歴がある患者は禁忌です。<br> ・<b>アセトアミノフェン</b>：重篤な肝障害のある患者は禁忌です。<br> ・<b>カフェイン水和物</b>：胃潰瘍や心疾患、緑内障のある患者は症状悪化のおそれがあるため慎重投与です。<br> ・<b>受診勧奨</b>：5から6回服用しても症状改善が見られない場合や、激しい頭痛、高熱、発疹、首の硬直を伴う場合は重大な疾患の疑いがあるため、直ちに医療機関の受診を勧めてください。<br>・<b>相互作用</b>：<br> ・<b>アセトアミノフェン</b>：アルコール併用により肝代謝経路が飽和し、有害な代謝物NAPQIの生成が増加して肝障害リスクが高まるため、服用前後の飲酒は厳禁です。<br> ・<b>エテンザミド</b>：他の非ステロイド性消炎鎮痛薬やサリチル酸系製剤との併用で胃腸障害のリスクが増強します。また抗凝固薬ワルファリン等の作用を増強する可能性があります。<br> ・<b>カフェイン水和物</b>：ニューキノロン系抗菌薬エノキサシンなどやSSRIフルボキサミン等との併用によりカフェイン代謝が阻害され、血中濃度上昇に伴う精神興奮、不眠、動悸のリスクが高まります。また、カフェイン含有飲料との併用による過剰摂取に注意してください。<br>・<b>濫用・MOH</b>：<br> ・<b>アセトアミノフェン・エテンザミド・カフェイン水和物</b>：カフェインには軽度のアッパー作用があり、痛みが治まる感覚と結びつくことで精神的依存を形成しやすい特性があります。このACE処方を月10日以上、3ヶ月を超えて常用すると、脳の痛覚過敏が引き起こされ、薬の効き目が切れたときに頭痛が再発する薬物乱用頭痛『MOH』に至るリスクが極めて高いため、頓服としての適切な使用を徹底指導してください。<br>・<b>ドーピング・毒性</b>：<br> ・<b>ドーピング</b>：アセトアミノフェン、エテンザミドはWADA『世界アンチ・ドーピング機構』の禁止物質リストに該当せず使用可能です。カフェインも禁止物質リストから除外されており使用制限はありません。<br> ・<b>毒性</b>：アセトアミノフェンの大量服用は深刻な肝壊死を誘発します。中毒量、致死量等の詳細はPoisindex等の一次資料を参照してください。カフェインの過量摂取についても、同様にPoisindex等の一次資料を参照してください。,"{""成分マトリックス"":[{""成分名"":""アセトアミノフェン"",""妊婦・授乳婦"":{""判定"":""〇"",""備考"":""(妊娠: A / 授乳: 安全（L1相当）) 妊娠全期間・授乳中を通じて第一選択となる解熱鎮痛成分。通常のOTC用量であれば母子ともに安全性が極めて高い。""},""禁忌・受診勧奨"":{""判定"":""✕"",""備考"":""重篤な肝障害のある患者は禁忌です。""},""相互作用"":{""判定"":""△"",""備考"":""アルコール併用により肝代謝経路が飽和し、有害な代謝物NAPQIの生成が増加して肝障害リスクが高まるため、服用前後の飲酒は厳禁です。""}},{""成分名"":""エテンザミド"",""妊婦・授乳婦"":{""判定"":""✕"",""備考"":""(妊娠: C / 授乳: 相談・注意（L3相当）) サリチル酸系に属するため、妊娠後期（28週以降）の使用は動脈管早期閉鎖などのリスクとなり禁忌。アセトアミノフェン単剤への切り替えを強く推奨するレッドフラッグ成分。""},""禁忌・受診勧奨"":{""判定"":""✕"",""備考"":""本剤またはサリチル酸系製剤、アスピリン等に対する過敏症、アスピリン喘息『NSAIDs喘息』の既往歴がある患者は禁忌です。""},""相互作用"":{""判定"":""△"",""備考"":""他の非ステロイド性消炎鎮痛薬やサリチル酸系製剤との併用で胃腸障害のリスクが増強します。また抗凝固薬ワルファリン等の作用を増強する可能性があります。""}},{""成分名"":""カフェイン水和物"",""妊婦・授乳婦"":{""判定"":""〇"",""備考"":""(妊娠: A相当 / 授乳: 安全（L2相当）) 鎮痛補助成分。無水カフェインと同様、OTCの通常用量（1回50mg程度）であれば妊婦・授乳婦ともに安全。ただし、コーヒー等からの過剰摂取（1日200〜300mg以上）には注意を促す。""},""運転・操作"":{""判定"":""△"",""備考"":""中枢興奮作用により一時的に覚醒効果を発揮しますが、効果消失後の反跳性眠気や疲労感の自覚に注意するよう指導してください。""},""禁忌・受診勧奨"":{""判定"":""△"",""備考"":""胃潰瘍や心疾患、緑内障のある患者は症状悪化のおそれがあるため慎重投与です。""},""相互作用"":{""判定"":""△"",""備考"":""ニューキノロン系抗菌薬エノキサシンなどやSSRIフルボキサミン等との併用によりカフェイン代謝が阻害され、血中濃度上昇に伴う精神興奮、不眠、動悸のリスクが高まります。また、カフェイン含有飲料との併用による過剰摂取に注意してください。""}},{""成分名"":""アセトアミノフェン、エテンザミド"",""運転・操作"":{""判定"":""〇"",""備考"":""眠気を誘発する抗ヒスタミン薬や鎮静成分は含まれておらず、運転・操作に関する法的な禁止規定はありません。""}},{""成分名"":""受診勧奨"",""禁忌・受診勧奨"":{""判定"":""ー"",""備考"":""5から6回服用しても症状改善が見られない場合や、激しい頭痛、高熱、発疹、首の硬直を伴う場合は重大な疾患の疑いがあるため、直ちに医療機関の受診を勧めてください。""}},{""成分名"":""アセトアミノフェン・エテンザミド・カフェイン水和物"",""濫用・MOH"":{""判定"":""△"",""備考"":""カフェインには軽度のアッパー作用があり、痛みが治まる感覚と結びつくことで精神的依存を形成しやすい特性があります。このACE処方を月10日以上、3ヶ月を超えて常用すると、脳の痛覚過敏が引き起こされ、薬の効き目が切れたときに頭痛が再発する薬物乱用頭痛『MOH』に至るリスクが極めて高いため、頓服としての適切な使用を徹底指導してください。""}},{""成分名"":""ドーピング"",""ドーピング・毒性"":{""判定"":""〇"",""備考"":""アセトアミノフェン、エテンザミドはWADA『世界アンチ・ドーピング機構』の禁止物質リストに該当せず使用可能です。カフェインも禁止物質リストから除外されており使用制限はありません。""}},{""成分名"":""毒性"",""ドーピング・毒性"":{""判定"":""ー"",""備考"":""アセトアミノフェンの大量服用は深刻な肝壊死を誘発します。中毒量、致死量等の詳細はPoisindex等の一次資料を参照してください。カフェインの過量摂取についても、同様にPoisindex等の一次資料を参照してください。""}}]}"
2026/07/07 1:57:47,2,15才未満の小児,妊婦は服用不可、授乳中は服用を避けること,ジフェンヒドラミン,"{""basis"":""2錠中"",""ingredients"":[{""name"":""ジフェンヒドラミン塩酸塩"",""id"":""D00669"",""amount"":50,""unit"":""mg""}]}","{""adult_dose"":""2錠×1回"",""daily_dose"":2,""prohibited_age"":""15才未満の小児""}","{""driving_warning"":""運転禁止"",""pregnancy_warning"":""妊婦は服用不可、授乳中は服用を避けること"",""drug_category"":""催眠鎮静薬"",""category_limit"":5,""packages"":[{""package_type"":""6錠"",""estimated_days"":3,""capacity_judgment"":""小容量""},{""package_type"":""12錠"",""estimated_days"":6,""capacity_judgment"":""大容量""}]}",ドリエルは、ストレスや不規則な生活などによる一時的な不眠（寝つきが悪い、眠りが浅い）の症状を緩和する医薬品です。有効成分であるジフェンヒドラミン塩酸塩が、脳内のヒスタミンの働きを抑えることで眠気を誘発する作用を応用しており、就寝前の服用により効果を発揮します。,ドリエル,〇,"ドリエル：【一時的な不眠】に、ジフェンヒドラミン塩酸塩を配合した、量を調節しやすいベーシックな「錠剤」（1回2錠）。
ドリエルEX：【一時的な不眠】に、ジフェンヒドラミン塩酸塩をラベンダー香料等とともに閉じ込めたソフト「カプセル」（1回1カプセル）。","【ジフェンヒドラミン塩酸塩】(妊娠: A / 授乳: 相談・注意（L2〜L3相当）)
睡眠改善薬（ドリエル等）や風邪薬に含有。妊娠中の短期使用は可能だが、授乳中は乳児への移行による過鎮静（傾眠）や母乳分泌低下リスクがあるため連用は避ける。",【現場_代替薬提案】<br>ドリエルは一時的な不眠症状を緩和する薬ですが、患者様の背景に合わせた安全な代替案の提示が不可欠です。<br>・<b>妊婦・授乳婦の方へ</b>：本剤の使用は避け、まずはカフェインコントロールや規則正しい起床などの『睡眠衛生指導』を行います。改善しない場合は医師への受診を推奨します。<br>・<b>運転業務・機械操作を伴う方へ</b>：翌朝に眠気が残るリスク（半減期約9時間）があるため、薬物に頼らない睡眠衛生指導や、リラックス作用を期待するL-テアニンやGABAなどのサプリメント、または抗コリン作用のない漢方製剤（酸棗仁湯など）の提案を検討してください。<br>・<b>高齢者や基礎疾患（前立腺肥大・緑内障）のある方へ</b>：抗コリン作用による尿閉や眼圧上昇、ふらつき転倒リスクがあるため本剤の使用を避け、医師の受診を促すか、安全性の高い非薬物療法・サプリメント（テアニン等）の利用を提案します。,【現場_服薬指導エビデンス】<br>・<b>妊婦・授乳婦</b>：<br>  ・<b>ジフェンヒドラミン塩酸塩</b>：オーストラリアTGA分類では『A』（妊婦への安全性が比較的高いとされるグループ）に分類されていますが、本剤（OTC睡眠改善薬）の添付文書上、妊婦又は妊娠していると思われる人は服用しないこととされています。授乳婦についても、母乳中に移行して乳児に昏睡や興奮、過度の傾眠等を引き起こすリスクがあるため、服用を避けるか、服用する場合は授乳を避ける必要があります（LactMed等において授乳期は慎重投与/L3と評価されています）。<br>・<b>運転・操作</b>：<br>  ・<b>ジフェンヒドラミン塩酸塩</b>：本剤は中枢のH1受容体を遮断し、強い眠気を誘発します。半減期が約9時間前後と長く、翌日まで眠気やだるさが残ることがあるため、服用後の自動車の運転や危険な機械の操作は厳禁です。<br>・<b>禁忌・受診勧奨</b>：<br>  ・<b>ジフェンヒドラミン塩酸塩</b>：強い抗コリン作用を持つため、排尿困難（前立腺肥大等）や緑内障の診断を受けた患者は禁忌（症状悪化リスク）です。また、15歳未満の小児への投与も禁忌です。一時的な不眠ではなく、2週間以上続く慢性的な不眠症状の場合は、背景にうつ病等の精神疾患が潜んでいる可能性があるため、漫然と自己判断で使用せず精神科や心療内科等の受診を勧奨してください。<br>・<b>相互作用</b>：<br>  ・<b>ジフェンヒドラミン塩酸塩</b>：アルコール（お酒）は中枢抑制作用を著しく増強するため併用厳禁です。また、他の抗ヒスタミン薬（鼻炎薬、かぜ薬等）、解熱鎮痛薬、鎮咳去痰薬、催眠鎮静薬等との併用は、抗コリン作用や眠気の過剰発現を招くため避けてください。SSRI等のCYP2D6阻害薬との併用時には、本剤の代謝が阻害され血中濃度が上昇する恐れがあります。<br>・<b>濫用・MOH</b>：<br>  ・<b>ジフェンヒドラミン塩酸塩</b>：中枢抑制作用（ダウナー系作用）を有するため、不適切な連用によって薬剤耐性が形成されやすく、休薬時に症状が悪化する『反跳性不眠』や依存を生じるリスクがあります。一時的な使用（1回2錠、連続での常用は避ける）にとどめるよう指導が必要です。<br>・<b>ドーピング・毒性</b>：<br>  ・<b>ジフェンヒドラミン塩酸塩</b>：WADA（世界アンチ・ドーピング機関）の禁止物質リストには該当しないため、ドーピング上の制限はありません。毒性について、【要確認】中毒量・致死量等の詳細はPoisindex等の一次資料を参照してください。,"{""成分マトリックス"":[{""成分名"":""ジフェンヒドラミン塩酸塩"",""妊婦・授乳婦"":{""判定"":""〇"",""備考"":""(妊娠: A / 授乳: 相談・注意（L2〜L3相当）) 睡眠改善薬（ドリエル等）や風邪薬に含有。妊娠中の短期使用は可能だが、授乳中は乳児への移行による過鎮静（傾眠）や母乳分泌低下リスクがあるため連用は避ける。""},""運転・操作"":{""判定"":""ー"",""備考"":""本剤は中枢のH1受容体を遮断し、強い眠気を誘発します。半減期が約9時間前後と長く、翌日まで眠気やだるさが残ることがあるため、服用後の自動車の運転や危険な機械の操作は厳禁です。""},""禁忌・受診勧奨"":{""判定"":""✕"",""備考"":""強い抗コリン作用を持つため、排尿困難（前立腺肥大等）や緑内障の診断を受けた患者は禁忌（症状悪化リスク）です。また、15歳未満の小児への投与も禁忌です。一時的な不眠ではなく、2週間以上続く慢性的な不眠症状の場合は、背景にうつ病等の精神疾患が潜んでいる可能性があるため、漫然と自己判断で使用せず精神科や心療内科等の受診を勧奨してください。""},""相互作用"":{""判定"":""✕"",""備考"":""アルコール（お酒）は中枢抑制作用を著しく増強するため併用厳禁です。また、他の抗ヒスタミン薬（鼻炎薬、かぜ薬等）、解熱鎮痛薬、鎮咳去痰薬、催眠鎮静薬等との併用は、抗コリン作用や眠気の過剰発現を招くため避けてください。SSRI等のCYP2D6阻害薬との併用時には、本剤の代謝が阻害され血中濃度が上昇する恐れがあります。""},""濫用・MOH"":{""判定"":""△"",""備考"":""中枢抑制作用（ダウナー系作用）を有するため、不適切な連用によって薬剤耐性が形成されやすく、休薬時に症状が悪化する『反跳性不眠』や依存を生じるリスクがあります。一時的な使用（1回2錠、連続での常用は避ける）にとどめるよう指導が必要です。""},""ドーピング・毒性"":{""判定"":""〇"",""備考"":""WADA（世界アンチ・ドーピング機関）の禁止物質リストには該当しないため、ドーピング上の制限はありません。毒性について、【要確認】中毒量・致死量等の詳細はPoisindex等の一次資料を参照してください。""}}]}"
2026/07/07 2:00:22,9,5歳未満の幼児,授乳中の人は服用しないか、服用する場合は授乳を避けること。妊婦又は妊娠していると思われる人は相談すること。,ジフェンヒドラミン,"{""basis"":""9錠中"",""ingredients"":[{""name"":""ジフェンヒドラミン塩酸塩"",""id"":""D00669"",""amount"":90,""unit"":""mg""}]}","{""adult_dose"":""3錠×3回"",""daily_dose"":9,""prohibited_age"":""5歳未満の幼児""}","{""driving_warning"":""運転禁止"",""pregnancy_warning"":""授乳中の人は服用しないか、服用する場合は授乳を避けること。妊婦又は妊娠していると思われる人は相談すること。"",""drug_category"":""アレルギー用薬"",""category_limit"":5,""packages"":[{""package_type"":""80錠"",""estimated_days"":8.9,""capacity_judgment"":""大容量""},{""package_type"":""120錠"",""estimated_days"":13.3,""capacity_judgment"":""大容量""}]}",じんましん、湿疹、かぶれ、かゆみ、鼻炎に効果を発揮するアレルギー用薬です。体質や健康状態に応じて体内で起こる過敏反応（アレルギー反応）を改善し、じんましんや湿疹などのアレルギー性疾患を治療します。,レスタミンコーワ糖衣錠,〇,-,"【ジフェンヒドラミン塩酸塩】(妊娠: A / 授乳: 相談・注意（L2〜L3相当）)
睡眠改善薬（ドリエル等）や風邪薬に含有。妊娠中の短期使用は可能だが、授乳中は乳児への移行による過鎮静（傾眠）や母乳分泌低下リスクがあるため連用は避ける。",【現場_代替薬提案】<br>レスタミンコーワ糖衣錠は、主成分であるジフェンヒドラミン塩酸塩の強力な抗ヒスタミン作用・抗コリン作用により、湿疹やかゆみに優れた効果を発揮しますが、強い眠気や口渇、尿閉などの副作用が生じやすい特徴があります。<br>・<b>運転者や眠気を避けたい方への提案</b>：脳内への移行性が極めて低く、眠気を引き起こしにくい第2世代抗ヒスタミン薬であるフェキソフェナジン塩酸塩『アレグラFX等』やロラタジン『クラリチンEX等』への変更を提案します。<br>・<b>妊婦・授乳婦への提案</b>：かゆみの症状に対して、より安全性の高い外用剤『非ステロイド性抗炎症塗布剤や白色ワセリン等』での局所治療への切り替え、あるいは比較的安全性が確立されている第2世代抗ヒスタミン薬の使用について医師への相談を推奨します。<br>・<b>緑内障・前立腺肥大のある高齢者への提案</b>：抗コリン作用を持たない第2世代抗ヒスタミン薬『フェキソフェナジン等』への代替を検討し、排尿障害や眼圧上昇の悪化を防ぎます。,【現場_服薬指導エビデンス】<br>・<b>妊婦・授乳婦</b>：<br>  ・<b>ジフェンヒドラミン塩酸塩</b>：オーストラリアTGA分類では『A』に分類されており、妊娠中に多数の妊婦および妊娠可能年齢の女性に使用されてきたが、胎児への奇形や直接的・間接的な有害作用の頻度上昇は観察されていないお薬とされています。しかし、妊婦への大量投与により胎児に悪影響を及ぼした報告もあるため、妊娠中の自己判断による服用は避け、医師に相談するよう指導します。授乳婦においては、乳汁移行が認められており、乳児に嗜眠や興奮などを引き起こす可能性があるため、本剤服用中は授乳を避けるか、授乳期の一時的な使用に留めるよう注意喚起を行います。<br>・<b>運転・操作</b>：<br>  ・<b>ジフェンヒドラミン塩酸塩</b>：強力な中枢移行性を有し、脳内のH1受容体を遮断するため、著しい眠気、注意力・集中力・反射運動能力の低下を引き起こします。そのため、本剤服用後の自動車の運転や高所での作業、危険を伴う機械の操作は一律『不可』、絶対に避けることとされています。半減期は約9時間であるため、服用翌朝まで影響が残るリスク『ハングオーバー効果』も説明する必要があります。<br>・<b>禁忌・受診勧奨</b>：<br>  ・<b>ジフェンヒドラミン塩酸塩</b>：強い抗コリン作用を持つため、眼圧を上昇させ症状を悪化させる恐れがある閉塞隅角緑内障の患者、および尿閉を誘発し症状を重篤化させる恐れがある前立腺肥大等による下部尿路閉塞性疾患のある患者には『一般用医薬品としての使用不可』です。また、高齢者では抗コリン作用による口渇、便秘、認知機能低下、ふらつき、転倒リスクの増大が懸念されるため、慎重な対応が必要です。<br>・<b>相互作用</b>：<br>  ・<b>ジフェンヒドラミン塩酸塩</b>：アルコールや中枢神経抑制剤『睡眠薬、抗不安薬、麻薬性鎮痛薬等』との併用は、相乗効果により中枢抑制作用が極度に強まり、過度の眠気や呼吸抑制、昏睡を招く恐れがあり併用を避けます。また、三環系抗うつ薬やMAO阻害薬、抗コリン作用を有する他の薬剤との併用により、抗コリン作用『口渇、便秘、尿閉、眼圧上昇など』が著しく増強されるため注意が必要です。<br>・<b>濫用・MOH</b>：<br>  ・<b>ジフェンヒドラミン塩酸塩</b>：中枢抑制作用『ダウナー作用』を持つため、大量服用時に生じる酩酊感や幻覚作用、浮遊感を目的に一部で濫用されるリスクが指摘されています。連用により薬物耐性や精神的依存を形成する危険性があるため、漫然とした長期服用は厳に避けるよう指導します。なお、本剤は薬剤乱用頭痛『MOH』の直接的な配合誘発物質ではありませんが、自己判断での長期連用は副作用リスクを高めます。<br>・<b>ドーピング・毒性</b>：<br>  ・<b>ジフェンヒドラミン塩酸塩</b>：世界アンチ・ドーピング機構『WADA』の禁止物質リストには指定されておらず、スポーツ選手も使用可能な成分です。ただし、過量投与時には中枢神経系の抑制または興奮、抗コリン性毒性『頻脈、皮膚の潮紅、幻覚、痙攣、不整脈、高熱』を呈することがあります。『【要確認】中毒量・致死量等の詳細な薬学データはPoisindex等の一次資料を参照してください』,"{""成分マトリックス"":[{""成分名"":""ジフェンヒドラミン塩酸塩"",""妊婦・授乳婦"":{""判定"":""〇"",""備考"":""(妊娠: A / 授乳: 相談・注意（L2〜L3相当）) 睡眠改善薬（ドリエル等）や風邪薬に含有。妊娠中の短期使用は可能だが、授乳中は乳児への移行による過鎮静（傾眠）や母乳分泌低下リスクがあるため連用は避ける。""},""運転・操作"":{""判定"":""✕"",""備考"":""強力な中枢移行性を有し、脳内のH1受容体を遮断するため、著しい眠気、注意力・集中力・反射運動能力の低下を引き起こします。そのため、本剤服用後の自動車の運転や高所での作業、危険を伴う機械の操作は一律『不可』、絶対に避けることとされています。半減期は約9時間であるため、服用翌朝まで影響が残るリスク『ハングオーバー効果』も説明する必要があります。""},""禁忌・受診勧奨"":{""判定"":""✕"",""備考"":""強い抗コリン作用を持つため、眼圧を上昇させ症状を悪化させる恐れがある閉塞隅角緑内障の患者、および尿閉を誘発し症状を重篤化させる恐れがある前立腺肥大等による下部尿路閉塞性疾患のある患者には『一般用医薬品としての使用不可』です。また、高齢者では抗コリン作用による口渇、便秘、認知機能低下、ふらつき、転倒リスクの増大が懸念されるため、慎重な対応が必要です。""},""相互作用"":{""判定"":""△"",""備考"":""アルコールや中枢神経抑制剤『睡眠薬、抗不安薬、麻薬性鎮痛薬等』との併用は、相乗効果により中枢抑制作用が極度に強まり、過度の眠気や呼吸抑制、昏睡を招く恐れがあり併用を避けます。また、三環系抗うつ薬やMAO阻害薬、抗コリン作用を有する他の薬剤との併用により、抗コリン作用『口渇、便秘、尿閉、眼圧上昇など』が著しく増強されるため注意が必要です。""},""濫用・MOH"":{""判定"":""〇"",""備考"":""中枢抑制作用『ダウナー作用』を持つため、大量服用時に生じる酩酊感や幻覚作用、浮遊感を目的に一部で濫用されるリスクが指摘されています。連用により薬物耐性や精神的依存を形成する危険性があるため、漫然とした長期服用は厳に避けるよう指導します。なお、本剤は薬剤乱用頭痛『MOH』の直接的な配合誘発物質ではありませんが、自己判断での長期連用は副作用リスクを高めます。""},""ドーピング・毒性"":{""判定"":""ー"",""備考"":""世界アンチ・ドーピング機構『WADA』の禁止物質リストには指定されておらず、スポーツ選手も使用可能な成分です。ただし、過量投与時には中枢神経系の抑制または興奮、抗コリン性毒性『頻脈、皮膚の潮紅、幻覚、痙攣、不整脈、高熱』を呈することがあります。『【要確認】中毒量・致死量等の詳細な薬学データはPoisindex等の一次資料を参照してください』""}}]}"
2026/07/07 2:00:56,6,15才未満の小児,出産予定日12週以内の妊婦は服用禁止。妊婦または妊娠していると思われる人、授乳中の人は服用前に医師等に相談。,-,"{""basis"":""2錠中"",""ingredients"":[{""name"":""イブプロフェン"",""id"":""D00126"",""amount"":150,""unit"":""mg""},{""name"":""アリルイソプロピルアセチル尿素"",""id"":""D03975"",""amount"":60,""unit"":""mg""},{""name"":""無水カフェイン"",""id"":""D00528"",""amount"":80,""unit"":""mg""}]}","{""adult_dose"":""2錠×3回"",""daily_dose"":6,""prohibited_age"":""15才未満の小児""}","{""driving_warning"":""運転禁止"",""pregnancy_warning"":""出産予定日12週以内の妊婦は服用禁止。妊婦または妊娠していると思われる人、授乳中の人は服用前に医師等に相談。"",""drug_category"":""解熱鎮痛薬"",""category_limit"":7,""packages"":[{""package_type"":""12錠"",""estimated_days"":2,""capacity_judgment"":""小容量""},{""package_type"":""24錠"",""estimated_days"":4,""capacity_judgment"":""小容量""},{""package_type"":""36錠"",""estimated_days"":6,""capacity_judgment"":""小容量""},{""package_type"":""48錠"",""estimated_days"":8,""capacity_judgment"":""大容量""},{""package_type"":""60錠"",""estimated_days"":10,""capacity_judgment"":""大容量""},{""package_type"":""90錠"",""estimated_days"":15,""capacity_judgment"":""大容量""}]}",イブA錠は、イブプロフェンを配合した解熱鎮痛薬です。イブプロフェンの鎮痛・解熱効果を高めるアリルイソプロピルアセチル尿素と無水カフェインも配合されており、痛みや熱にすばやく優れた効き目をあらわします。月経痛、頭痛、発熱など、様々な痛みに効果があり、のみやすい小粒のフィルムコーティング錠です。,イブA錠,対象外,"""イブシリーズはすべて対象外
* イブA錠：【定番の生理痛・頭痛】に、IB150mg＋アリルイソプロピルアセチル尿素＋無水カフェインを配合。
* イブA錠EX：【生理痛が特につらい時】に、主成分のIBを1回量200mgまで増量したイブAの上位版。
* イブ〈糖衣錠〉：【小粒で苦くない】中身は「イブA錠」と全く同じで、表面を甘い膜で包んで飲みやすくしたタイプ。
* イブクイック頭痛薬：【速攻の頭痛】に、IB150mg＋アリルイソプロピルアセチル尿素に胃を守り吸収を速める酸化Mgをプラス。
* イブクイック頭痛薬DX：【つらい頭痛に最速】に、IBを1回量200mgに増量し、さらに酸化Mgを配合した速攻・高効果版。
* イブスリーショットプレミアム：【3大痛（頭・生理・肩こり）】に、IBとAAPをダブル配合（各195mg）し、胃を守る酸化Mgを足した眠くならない最新処方。""","【⚠️レッドフラッグあり：現場確認必須】

【イブプロフェン】(妊娠: C / D (妊娠後期) / 授乳: 安全（L1相当）)
授乳中は母乳移行が極めて少なく安全（L1）。妊娠初期〜中期は有益性投与（C）だが、妊娠後期（28週以降）は動脈管収縮リスクのため禁忌（D）。

【アリルイソプロピルアセチル尿素】(妊娠: 未分類（禁忌） / 授乳: 危険（L4相当）)
鎮静成分（イブA錠やノーシンピュア等に配合）。乳児への移行による過鎮静（傾眠）リスクがあるため授乳中は避ける。妊婦にも胎児への影響を考慮し、鎮静成分を含まない鎮痛薬（タイレノールA等）への変更を必ず提案すべきレッドフラッグ成分。

【無水カフェイン】(妊娠: A相当 / 授乳: 安全（L2相当）)
通常のOTC含有量（1回50mg程度）であれば妊婦・授乳婦ともに影響は少なく安全。ただし、コーヒー等からの過剰摂取（1日200〜300mg以上）には注意を促す。",【現場_代替薬提案】<br>本剤は鎮静成分『アリルイソプロピルアセチル尿素』を含有するため、服用後の運転操作が制限されます。また、妊娠後期『出産予定日12週以内』の妊婦は禁忌です。<br>・<b>運転を頻繁に行う方への代替案</b>：眠気を引き起こす鎮静成分や抗コリン成分を含まない、イブプロフェン単一製剤『リングルアイビー』や、アセトアミノフェン単一製剤『タイレノールA』を提案してください。<br>・<b>妊婦・授乳婦への代替案</b>：妊娠中の解熱鎮痛の第一選択薬であるアセトアミノフェン単一製剤『タイレノールA』等の使用を考慮しつつ、まずは産婦人科医への受診を勧奨してください。<br>・<b>胃への負担を軽減したい方への代替案</b>：アセトアミノフェン製剤、または胃粘膜保護成分が配合されたロキソプロフェン製剤『ロキソニンSプラス』などを検討してください。,【現場_服薬指導エビデンス】<br>・<b>妊婦・授乳婦</b>：<br>  ・<b>イブプロフェン</b>：妊娠後期『出産予定日12週以内』の妊婦は胎児動脈管収縮、新生児持続性肺高血圧、羊水過少などのリスクがあるため禁忌。妊娠初期・中期についても治療上の有益性が危険性を上回る場合のみ。授乳中に関しては、母乳中への移行が極めて微量であり安全に使用できるとされていますが、本剤は他成分との合剤である点に留意が必要です。<br>  ・<b>アリルイソプロピルアセチル尿素</b>：胎盤通過性があり胎児への影響が懸念されるため、妊婦または妊娠している可能性のある女性への投与は避けることが望ましい。授乳中における安全性は確立されておらず、服用する場合は授乳を避けるよう指導してください。<br>  ・<b>無水カフェイン</b>：胎盤を通過するため、妊娠中の多量摂取は胎児の発育遅延のリスクを高める可能性があります。また、授乳中の過度な摂取は乳児の不眠や過敏症を引き起こす恐れがあるため避けてください。<br>・<b>運転・操作</b>：<br>  ・<b>イブプロフェン</b>：眠気等の精神神経系症状の発現頻度は低いですが、体調による個人差を考慮してください。<br>  ・<b>アリルイソプロピルアセチル尿素</b>：中枢神経を抑制する鎮静作用『ダウナー作用』があるため、服用後の乗物や機械類の運転操作は厳禁です。半減期が長く翌朝まで影響が残る可能性があります。<br>  ・<b>無水カフェイン</b>：中枢興奮作用『アッパー作用』がありますが、アリルイソプロピルアセチル尿素による眠気を完全に消失させるものではありません。<br>・<b>禁忌・受診勧奨</b>：<br>  ・<b>イブプロフェン</b>：消化性潰瘍、重篤な血液異常、重篤な肝障害、重篤な腎障害、重篤な心機能不全、重篤な高血圧症、アスピリン喘息の既往歴がある患者は禁忌。激しい腹痛、黒色便、発熱を伴う重篤な皮疹などのレッドフラッグサインがみられる場合は直ちに受診を勧奨してください。<br>  ・<b>アリルイソプロピルアセチル尿素</b>：本成分に対する過敏症既往歴、呼吸抑制を伴う疾患がある場合は注意または避けるべきです。<br>  ・<b>無水カフェイン</b>：胃潰瘍のある患者では、胃酸分泌促進により症状が悪化する恐れがあります。<br>・<b>相互作用</b>：<br>  ・<b>イブプロフェン</b>：SSRI『選択的セロトニン再取り込み阻害薬』との併用により消化管出血リスクが増強します。ニューキノロン系抗菌薬との併用は痙攣を誘発する恐れがあります。また、アルコールとの併用は胃粘膜障害や消化管出血のリスクを高めます。<br>  ・<b>アリルイソプロピルアセチル尿素</b>：他の中枢神経抑制薬、抗ヒスタミン薬、アルコール等との併用により、相互に作用が増強され強い眠気やふらつきが現れる危険性があります。<br>  ・<b>無水カフェイン</b>：他のカフェイン含有製剤や飲料『コーヒー、緑茶等』との併用による過度の興奮や頭痛、動悸、キノロン系抗菌薬等との併用によるカフェインの代謝遅延・血中濃度上昇に注意してください。<br>・<b>濫用・MOH</b>：<br>  ・<b>イブプロフェン</b>：単独での依存性は低いですが、鎮静薬やカフェインとの合剤であるため、連用により薬剤乱用頭痛『MOH』を誘発しやすくなります。月に10日以上の使用は避けるべきです。<br>  ・<b>アリルイソプロピルアセチル尿素</b>：習慣性・依存性があり、長期にわたる連用により精神的依存および耐性が生じるリスク『ダウナー成分のリスク』があります。<br>  ・<b>無水カフェイン</b>：精神依存性があり、離脱時に頭痛や不快感を生じることがあります『アッパー成分のリスク』。MOHの維持・悪化要因となります。<br>・<b>ドーピング・毒性</b>：<br>  ・<b>イブプロフェン</b>：WADA『世界反ドーピング機関』の禁止物質リストには該当せず、使用可能です。<br>  ・<b>アリルイソプロピルアセチル尿素</b>：WADAの禁止物質リストには該当しません。<br>  ・<b>無水カフェイン</b>：WADAの禁止物質リストからは除外されていますが、現在も『監視プログラム』の対象となっています。【要確認】中毒量・致死量等の詳細はPoisindex等の一次資料を参照してください。,"{""成分マトリックス"":[{""成分名"":""イブプロフェン"",""妊婦・授乳婦"":{""判定"":""✕"",""備考"":""(妊娠: C / D (妊娠後期) / 授乳: 安全（L1相当）) 授乳中は母乳移行が極めて少なく安全（L1）。妊娠初期〜中期は有益性投与（C）だが、妊娠後期（28週以降）は動脈管収縮リスクのため禁忌（D）。""},""運転・操作"":{""判定"":""ー"",""備考"":""眠気等の精神神経系症状の発現頻度は低いですが、体調による個人差を考慮してください。""},""禁忌・受診勧奨"":{""判定"":""✕"",""備考"":""消化性潰瘍、重篤な血液異常、重篤な肝障害、重篤な腎障害、重篤な心機能不全、重篤な高血圧症、アスピリン喘息の既往歴がある患者は禁忌。激しい腹痛、黒色便、発熱を伴う重篤な皮疹などのレッドフラッグサインがみられる場合は直ちに受診を勧奨してください。""},""相互作用"":{""判定"":""△"",""備考"":""SSRI『選択的セロトニン再取り込み阻害薬』との併用により消化管出血リスクが増強します。ニューキノロン系抗菌薬との併用は痙攣を誘発する恐れがあります。また、アルコールとの併用は胃粘膜障害や消化管出血のリスクを高めます。""},""濫用・MOH"":{""判定"":""△"",""備考"":""単独での依存性は低いですが、鎮静薬やカフェインとの合剤であるため、連用により薬剤乱用頭痛『MOH』を誘発しやすくなります。月に10日以上の使用は避けるべきです。""},""ドーピング・毒性"":{""判定"":""ー"",""備考"":""WADA『世界反ドーピング機関』の禁止物質リストには該当せず、使用可能です。""}},{""成分名"":""アリルイソプロピルアセチル尿素"",""妊婦・授乳婦"":{""判定"":""✕"",""備考"":""(妊娠: 未分類（禁忌） / 授乳: 危険（L4相当）) 鎮静成分（イブA錠やノーシンピュア等に配合）。乳児への移行による過鎮静（傾眠）リスクがあるため授乳中は避ける。妊婦にも胎児への影響を考慮し、鎮静成分を含まない鎮痛薬（タイレノールA等）への変更を必ず提案すべきレッドフラッグ成分。""},""運転・操作"":{""判定"":""ー"",""備考"":""中枢神経を抑制する鎮静作用『ダウナー作用』があるため、服用後の乗物や機械類の運転操作は厳禁です。半減期が長く翌朝まで影響が残る可能性があります。""},""禁忌・受診勧奨"":{""判定"":""△"",""備考"":""本成分に対する過敏症既往歴、呼吸抑制を伴う疾患がある場合は注意または避けるべきです。""},""相互作用"":{""判定"":""ー"",""備考"":""他の中枢神経抑制薬、抗ヒスタミン薬、アルコール等との併用により、相互に作用が増強され強い眠気やふらつきが現れる危険性があります。""},""濫用・MOH"":{""判定"":""△"",""備考"":""習慣性・依存性があり、長期にわたる連用により精神的依存および耐性が生じるリスク『ダウナー成分のリスク』があります。""},""ドーピング・毒性"":{""判定"":""ー"",""備考"":""WADAの禁止物質リストには該当しません。""}},{""成分名"":""無水カフェイン"",""妊婦・授乳婦"":{""判定"":""〇"",""備考"":""(妊娠: A相当 / 授乳: 安全（L2相当）) 通常のOTC含有量（1回50mg程度）であれば妊婦・授乳婦ともに影響は少なく安全。ただし、コーヒー等からの過剰摂取（1日200〜300mg以上）には注意を促す。""},""運転・操作"":{""判定"":""〇"",""備考"":""中枢興奮作用『アッパー作用』がありますが、アリルイソプロピルアセチル尿素による眠気を完全に消失させるものではありません。""},""禁忌・受診勧奨"":{""判定"":""ー"",""備考"":""胃潰瘍のある患者では、胃酸分泌促進により症状が悪化する恐れがあります。""},""相互作用"":{""判定"":""△"",""備考"":""他のカフェイン含有製剤や飲料『コーヒー、緑茶等』との併用による過度の興奮や頭痛、動悸、キノロン系抗菌薬等との併用によるカフェインの代謝遅延・血中濃度上昇に注意してください。""},""濫用・MOH"":{""判定"":""△"",""備考"":""精神依存性があり、離脱時に頭痛や不快感を生じることがあります『アッパー成分のリスク』。MOHの維持・悪化要因となります。""},""ドーピング・毒性"":{""判定"":""ー"",""備考"":""WADAの禁止物質リストからは除外されていますが、現在も『監視プログラム』の対象となっています。【要確認】中毒量・致死量等の詳細はPoisindex等の一次資料を参照してください。""}}]}"